=== Run information ===

Scheme:       weka.clusterers.SimpleKMeans -init 0 -max-candidates 100 -periodic-pruning 10000 -min-density 2.0 -t1 -1.25 -t2 -1.0 -N 7 -A "weka.core.EuclideanDistance -R first-last" -I 500 -num-slots 1 -S 10
Relation:     fer2018-weka.filters.unsupervised.instance.Resample-S42-Z30.0-no-replacement-weka.filters.unsupervised.attribute.Remove-R2-11,16-29,33-59,63-76,81-149,151-174,176-197,199-245,247-271,274-551,555-599,603-623,625-647,651-696,698-721,724-745,747-769,772-792,794-818,820-865,867-1360,1365-1374,1377-1407,1411-1422,1425-1456,1459-1504,1506-1513,1516-1561,1564-1721,1723-1769,1771-1817,1819-1848,1853-1895,1900-1944,1947-2305-weka.filters.unsupervised.attribute.Remove-R3,10-12,14-17,19,21-22,24-25,28-29,31,34-35,38,40-41,43,47,50,53,56-58,60-61,64-65,69-71-weka.filters.unsupervised.instance.RemoveDuplicates
Instances:    10592
Attributes:   36
              V12
              V14
              V15
              V30
              V31
              V32
              V60
              V78
              V198
              V272
              V553
              V601
              V602
              V649
              V697
              V722
              V770
              V771
              V819
              V1362
              V1364
              V1375
              V1376
              V1409
              V1410
              V1424
              V1457
              V1505
              V1514
              V1722
              V1849
              V1850
              V1896
              V1897
              V1898
Ignored:
              class
Test mode:    Classes to clusters evaluation on training data

=== Clustering model (full training set) ===


kMeans
======

Number of iterations: 30
Within cluster sum of squared errors: 11310.029720085324

Initial starting points (random):

Cluster 0: 186,176,194,225,211,198,164,225,139,195,219,224,214,190,164,80,78,79,78,145,158,129,131,137,138,143,132,98,136,22,188,193,162,163,165
Cluster 1: 103,90,105,53,67,62,119,36,30,128,101,86,99,69,87,59,68,67,56,122,112,147,160,132,132,155,130,131,133,181,55,56,92,98,95
Cluster 2: 75,65,90,164,130,101,79,183,105,236,150,126,172,116,114,114,114,105,100,92,76,232,232,93,88,234,91,90,78,159,158,174,117,166,173
Cluster 3: 20,57,66,13,2,15,33,18,9,130,137,146,157,134,119,16,21,22,27,94,113,88,87,98,94,88,87,54,109,57,182,179,99,104,105
Cluster 4: 128,117,119,43,40,39,154,48,111,187,204,174,186,150,131,128,118,75,117,193,163,219,216,248,238,209,248,239,176,149,98,147,13,53,111
Cluster 5: 127,144,140,116,112,109,146,132,65,134,159,166,137,175,183,83,79,47,56,171,178,152,141,188,167,166,181,183,167,83,93,32,58,85,61
Cluster 6: 130,143,146,161,159,157,137,167,97,182,185,183,178,183,181,90,90,97,95,169,164,150,152,169,164,144,165,155,96,141,158,157,156,159,161

Missing values globally replaced with mean/mode

Final cluster centroids:
                         Cluster#
Attribute    Full Data          0          1          2          3          4          5          6
             (10592.0)   (1776.0)   (1366.0)   (1351.0)   (1413.0)   (1279.0)   (1732.0)   (1675.0)
===================================================================================================
V12           110.3807   183.5912    55.3858   166.1014    47.3425    85.4941    99.7182   115.8687
V14           115.8484   186.9505    57.9048   165.4123    51.3064    81.3894   112.1161   132.3546
V15           118.5727   188.1002    60.5322   163.0755    53.7665    81.4488   117.6247   140.2884
V30           130.8073   189.2264    69.8141    140.909     60.063    79.7217   159.1161    179.874
V31           129.4603   188.1306     68.743   140.0326    58.6093    78.1306   158.3158   177.3666
V32           127.8815   186.2635      68.44   138.9312     57.765    77.6224   155.9919   174.0018
V60           112.5537   185.6791    56.2057   165.8275    49.7098    85.7404    102.459   121.9296
V78           136.3784   192.3885    73.1991   141.0903    72.6001    90.7303   162.2569   186.6137
V198          106.6136   180.2404    58.9605   165.5922    46.4544    130.778    76.1975    83.5881
V272           145.261   189.6244    84.0798   133.0836   108.7013   123.5246   159.6524   190.4967
V553          158.8186   196.2759    91.4217   130.1591   162.6256   163.6388   149.7396   199.6782
V601          157.3271   194.9245    89.6962   126.2939   164.9498   164.4816    145.996    197.471
V602          157.1084   194.1188    90.1237   126.4352   164.4289   163.0508   146.4734   197.5176
V649          155.2762   191.9724     88.265   125.1199    165.075   163.9507   141.8967   194.2848
V697          153.3306     189.21    87.0403   125.1954   164.2958   162.9249   138.2587   191.0507
V722          115.2383   198.6064    66.4048   175.4796    45.8188   190.9484    64.0531    71.7564
V770          115.8834   199.4352    66.9122   176.3627    47.0269   193.1751    63.4371    71.7487
V771          113.7495   196.7466    64.7079   174.5033    46.3156   184.8608    62.8528    71.9558
V819          114.7529   196.2551    65.5608   173.7757    49.2512   185.1822    64.5635    74.2227
V1362         154.5956   190.5146    91.0139   128.1865   171.4303   171.3401   128.7338   189.4185
V1364         148.9786   185.3401    90.1384   129.3212   161.7332   165.2025   123.1045   177.8716
V1375         149.0842   179.5805    94.5337   119.0377   158.6362   159.9343   139.1241   179.4269
V1376         150.2697   181.4634    93.3939   117.8823    160.627   162.1837   139.4446   183.0603
V1409         153.6356   190.1909    90.5637   126.6699   169.2937   169.5661   127.7061   189.5009
V1410         151.3226   187.9448    88.5425   124.7002   167.7155   168.3909   124.1172   186.4328
V1424         147.2619   178.0681    91.3734   114.7676   157.5414   159.4371    135.791   180.2782
V1457          150.181   187.8384    88.2438    122.775   165.3793    165.706   123.1339   186.1606
V1505         146.9495   183.2365    86.6325   120.8009   162.3942   162.3784   119.6767   182.1457
V1514         139.7914   171.2934    86.6676   114.2228   151.0524   153.6904   120.4359   170.2382
V1722         123.0945   161.7303     80.653   114.1643   105.3503   133.3307   114.9798   139.4872
V1849         123.9924    151.817     74.377    94.4056   139.7282   134.8514   101.1986   160.8197
V1850         124.1311   151.7399    74.5512    93.7528   139.3425   135.0039   102.3233    161.209
V1896         124.3444    154.357    73.3829    95.1887   138.9363   137.6497    100.877   159.3952
V1897         124.7349   154.1684    73.7533    93.9652    139.988   137.0641   102.1363   161.0072
V1898         124.9599   153.7393    74.8858    93.9127   140.2739   136.2252   103.2962   161.2036




Time taken to build model (full training data) : 0.59 seconds

=== Model and evaluation on training set ===

Clustered Instances

0       1776 ( 17%)
1       1366 ( 13%)
2       1351 ( 13%)
3       1413 ( 13%)
4       1279 ( 12%)
5       1732 ( 16%)
6       1675 ( 16%)


Class attribute: class
Classes to Clusters:

   0   1   2   3   4   5   6  <-- assigned to cluster
 234 205 220 131 153 281 210 | 0
  31  19  25  14  13  25  37 | 1
 339 153 213 148 203 251 224 | 2
 416 294 322 429 276 433 504 | 3
 220 355 291 191 199 352 198 | 4
 290  50 115 140 201 134 200 | 5
 246 290 165 360 234 256 302 | 6

Cluster 0 <-- 2
Cluster 1 <-- 4
Cluster 2 <-- 1
Cluster 3 <-- 6
Cluster 4 <-- 5
Cluster 5 <-- 0
Cluster 6 <-- 3

Incorrectly clustered instances :	8527.0	 80.5042 %

