=== Run information ===

Scheme:       weka.clusterers.EM -I 50 -N -1 -X 2 -max -1 -ll-cv 1.0E-6 -ll-iter 1.0E-6 -M 1.0E-6 -K 2 -num-slots 1 -S 100
Relation:     fer2018-weka.filters.unsupervised.instance.Resample-S42-Z30.0-no-replacement-weka.filters.unsupervised.attribute.Remove-R2-11,16-29,33-59,63-76,81-149,151-174,176-197,199-245,247-271,274-551,555-599,603-623,625-647,651-696,698-721,724-745,747-769,772-792,794-818,820-865,867-1360,1365-1374,1377-1407,1411-1422,1425-1456,1459-1504,1506-1513,1516-1561,1564-1721,1723-1769,1771-1817,1819-1848,1853-1895,1900-1944,1947-2305-weka.filters.unsupervised.attribute.Remove-R3,10-12,14-17,19,21-22,24-25,28-29,31,34-35,38,40-41,43,47,50,53,56-58,60-61,64-65,69-71-weka.filters.unsupervised.attribute.Remove-R2,4-5,8-9,11-12,14,16,18,20-23,27-29,31-34-weka.filters.unsupervised.instance.RemoveDuplicates
Instances:    10591
Attributes:   15
              V14
              V31
              V32
              V198
              V601
              V649
              V722
              V771
              V1376
              V1409
              V1410
              V1514
              V1897
              V1898
Ignored:
              class
Test mode:    Classes to clusters evaluation on training data

=== Clustering model (full training set) ===


EM
==

Number of clusters selected by cross validation: 37
Number of iterations performed: 50


             Cluster
Attribute          0        1        2        3        4        5        6        7        8        9       10       11       12       13       14       15       16       17       18       19       20       21       22       23       24       25       26       27       28       29       30       31       32       33       34       35       36
              (0.02)   (0.02)   (0.03)   (0.01)   (0.04)   (0.03)   (0.03)   (0.03)   (0.03)   (0.03)   (0.03)   (0.03)   (0.01)   (0.04)   (0.04)   (0.03)   (0.02)   (0.02)   (0.02)   (0.03)   (0.03)   (0.04)   (0.02)   (0.02)   (0.01)   (0.02)   (0.04)   (0.03)   (0.03)   (0.03)   (0.03)   (0.02)   (0.04)   (0.03)   (0.03)   (0.03)   (0.03)
=========================================================================================================================================================================================================================================================================================================================================================
V14
  mean       109.3083  70.2645 143.1775 185.7823 111.2942  46.5938 109.8096 129.1677  71.0462 148.0301 158.3533   66.008  72.8768  85.5154 145.7539  64.7187  172.936 121.1779 182.2328 104.4412 152.2825  93.8237 156.9249 102.5686 215.3639  13.2846 165.1988 200.1877 131.7469  69.2836 124.7026 141.9232 109.7218 113.6104  78.1339  36.8551 131.7844
  std. dev.    61.153  60.4837  56.7288  63.0506  48.6153  30.6126  75.8737  65.0569  53.1166  52.6988  54.0036  35.5082  48.5486  47.9297  46.8868  50.1386  84.2686  67.0814  56.2206  59.2191  43.8546  45.6057  59.3571   60.021  26.7853  13.0383  53.7669  27.9742  51.1186  54.2585  38.4857  63.0084  46.6409  54.5012  51.9739  24.4345  61.0307

V31
  mean       194.6925  26.2088 212.4759 188.2603 112.5541  48.5142  55.0902  190.949  37.7916 137.2181 196.1647  80.9969  69.0362  150.296 179.7086  59.4199 128.7066  87.1063 218.6329  87.4051 162.0375  95.2031 176.7148  116.607  226.225  14.1423 208.7326 188.3837 175.0838 147.9501 157.3914 196.0504  108.899 128.9709  59.4948  44.9307 119.4779
  std. dev.   29.2359  15.0362  18.3764  49.8506  24.5549  24.4264  31.5735  32.1916  18.6494  36.6585  20.9489  34.7343  36.5502  28.3167  16.0547  33.0979  74.2717  43.7374  21.3322  36.8524  19.8272  30.0374  28.8307  41.7298  16.2142   11.458  23.4021  27.8748  28.2839  37.7121  16.3691  24.9769  21.5516   41.119  32.9882  23.3509   40.939

V32
  mean       191.4048  26.2556 212.7782 188.2239 109.3496  47.1632  54.2418 192.1649  37.1265 135.7397 195.1638   79.779   65.481 146.8373 177.4936  56.4485 128.3916  85.5731 217.8633  82.2457 161.0314  94.3476 173.3467 115.8415 225.5661   13.799 206.4184 185.6993 174.6564 147.9567  155.716 192.7946  106.022 125.7368   58.182  44.5394 118.7535
  std. dev.   31.3975  15.2774  18.0199  50.6259  24.5805  24.2282  31.2012  32.6316   18.384  36.5286  20.9614   35.804  37.9765  29.8868  16.9944  31.0527  76.0872  42.9619  22.1709  34.7386  21.6577  31.2779   29.224  42.8176  16.3076  11.3217  23.9664  30.4351  29.1478  37.9448  17.3268  25.8525  20.8358  39.6881  33.0252  23.4123  39.3522

V198
  mean        35.5942 114.5465  91.2063 245.9257  111.823  31.7236 176.0673  94.7919  95.3069 151.8975 157.8666  46.6869  47.7601   33.107 111.4911  42.2562 254.3489 150.2824 179.6292 103.8232 150.3817  95.1551 157.6944  94.2305 207.4611   9.8921 114.5086 188.1313 113.4119  22.4078  86.4442  90.3812 101.6881  98.2637  79.3734  27.2914 166.5164
  std. dev.   24.8879  73.4499  54.5664  15.7431  54.2724  18.7415  72.8771  64.8805  61.4204  51.8938  66.9344  26.5787  34.3347  21.1508  46.4331  28.3468   0.9833   71.652   58.583   63.249  53.1767  49.3938  57.8403  59.4055   33.644   9.0015  60.3246  36.4113  52.3488  19.8457  33.7559  55.7463  47.5423   50.263  56.4321  17.1195  64.3808

V601
  mean       215.7732  90.3072 198.7121 214.4216 176.9725 174.0197 139.4961  93.1405 164.8005  99.7731 199.4435 120.7458 159.3734 171.8455 184.8853 210.1057 160.5983 209.5298 142.6246  197.012 159.4207  81.8568 187.8727  135.913 225.2216 121.4263  223.956 185.3115 124.3667 123.6516 146.0576 193.7317 145.2986 212.1831  92.3862  78.4793 114.3512
  std. dev.    16.836  48.4856  20.9506  19.2206  16.6085  21.8912  52.5877  42.5116  25.6476  35.4241  12.4792  21.0639  45.1069  19.9606  15.8662  17.8875  51.7091  21.1963  57.4007   21.004  15.7515   30.057  21.2218  52.8223  15.4953  67.7721  12.4936   26.715  43.9534   43.989  22.9754  24.7553  21.4815  14.5898  44.9626  32.9872  39.2512

V649
  mean       212.6557  90.5849 195.7365 211.7962 175.3935 172.8567 139.9896   91.258 163.6162  97.1666 197.6165 117.3572 156.0063 168.3861 181.0122 208.9006 158.0073 208.5054 137.0899 195.3349 156.2396  78.8742 188.2355 134.3163 223.2757 124.5839 221.7092 184.0928 119.6297 120.3433 142.7174 187.3131 141.9166 210.7448  98.5839  78.2888 111.7763
  std. dev.   17.4581  48.3607  23.3398  19.1865  17.0663  20.7554  50.8648  43.5271  26.3786  32.7956  12.7409  20.4223  43.5661  20.1583  16.6344  18.7387   51.484  20.4917  57.4841  20.1422  17.1048   30.484  21.6914  52.4226  16.9546  66.1333   13.173  26.8734  43.5424  44.5724  23.0123  27.2813  22.3474   14.765  43.2462  32.2604  39.7286

V722
  mean        25.4049 141.6344   79.127 254.4617 132.9087  28.7833  228.665  65.5258 123.8542 165.9908 205.2896  49.5946  37.0244  26.2335  95.2742  38.9009 254.5883 205.9446 202.7035 146.2933  172.806  95.7047 194.5051  99.5653 214.2941  11.2056  127.063 195.2847  96.4251  14.9201  81.1312  62.7265 108.0253  97.0852  69.9151  30.6227 208.9017
  std. dev.   17.4286  63.9209  50.1689    0.807  54.8299   16.805  22.4625     40.1  54.0481  38.9341  32.6939  25.3258  23.7777  17.5734  41.3531  27.1705    0.679  38.6289  38.1788  64.3707  41.1931  42.3445  39.3494  55.0714  29.0324  10.2741  61.9598  34.3373  42.9229  11.9386  31.5773  39.6457  43.0508  39.9418   45.222  20.9174  28.6484

V771
  mean        25.3126  138.305  77.2797 254.5086 130.0453  28.4858 226.5718  70.0063 122.3757 166.1679 199.6352  49.7342  37.0866  25.5346  95.5166   39.843 254.4798 202.5066 197.7531 139.0412 171.4736  93.7647 191.7353  96.4218 210.3535  11.4073 125.5129 194.4373   93.824  15.1542  82.2867  60.2883 105.8604  96.0093  69.3087  30.6711 204.8494
  std. dev.   16.5273  63.7228  45.7387    0.826  50.1565  17.1581   22.586  40.9246  50.6589  35.4043  34.6312  25.5634  23.7026  16.1359  42.7039  26.8414   0.9212   36.154  38.4716  60.9544  40.2392   38.965  36.4912   48.453  30.3101    10.78  58.5922  31.9194  39.2901  12.0274  28.0657  36.8909  41.2168  36.8622  41.8945  19.9572  29.8077

V1376
  mean       199.6162  96.3686 171.4836 196.9899 159.0681 152.4512 149.9124 151.3108 151.9135   139.38 176.9598 119.3448 144.4878 156.2534 170.9263 190.8171 158.3872 190.1773 158.4537 165.9951 145.5814  85.7881 154.6674 132.4801 207.1666 133.1214 206.4251 169.4711 123.1808 125.9656 142.8209 163.9978  116.255 176.2516  152.133  85.1245 105.2564
  std. dev.   27.5605  46.0418  46.0368  32.1794  34.2198  39.0473   51.446  49.1299  37.2494  43.9897  27.0559  33.7036  54.2346  36.1853  29.4748   33.342  48.1714  34.5509  56.9836  46.5316  32.3971  34.0543  48.7687  56.4622  26.8251  66.5317  24.6645   44.869  44.7232  52.1942   29.742  52.0621  37.0723  44.2565  52.8702  41.2816  43.2276

V1409
  mean       206.2711 106.8294 132.5278 200.6942 174.0838  152.289 154.3341 162.1948 155.9364 172.4656 172.9185 121.1579 171.2206 160.2595 182.2756 199.7057 152.1514 207.1011  137.741 197.2956 143.1389  81.9942 178.9846  82.4475 221.3346 134.0506 216.7701 207.4512  96.4613  83.2244 135.8136 182.9175 137.4807 203.2737 183.4143  77.0321  93.8244
  std. dev.   18.9874  47.9674  47.5809   32.512  20.7391  33.2557  44.9124   40.369  30.5183  28.7654  24.0638  20.3522   34.502  25.2781  17.5968   26.025  51.0618  21.0481  55.3099  19.8622  25.9046  27.5043  29.3284   35.313  20.5092  67.3738  16.1683  13.2616  34.2608  40.5794  24.8142  27.4819  19.9717  19.9055  29.2851   29.815  32.6601

V1410
  mean       204.5285 102.9135 124.3349 197.8236 172.8032 148.5911 155.4555 161.8139 154.1736 171.7199 168.8463 118.9046 171.1635  155.727 179.2469   198.67 149.8969  207.491 136.3928 195.8772 141.2775   79.803 174.5526  80.4626 219.1625 134.6421 214.8343  206.769  93.7382   80.601 132.9695  177.628 134.3897 201.0166 181.9288  74.2535  92.4174
  std. dev.   19.5278  47.0934  46.1401  32.1071  19.1333  34.6888  43.6917  40.7288  29.1674  27.4206  25.3424  21.2195  33.7867  27.0434  18.8089  25.9945  50.0092  19.4741  56.7971   20.596  26.6599  26.2288  32.4134  32.2896  21.9401  67.3419  17.6891  12.8893  34.8041  39.7287  26.9816  31.3559  19.9884  22.1247   28.501  28.5147  31.7471

V1514
  mean       181.1475  96.0092 157.1395 188.5349 157.9609 142.2103 147.7633 140.8388  144.915  137.304  163.326 107.9901 121.6961 141.0674 155.2046 177.8758 145.9842 181.2594 143.5398 148.5864 137.3164  74.5462 140.8377 124.5065 201.7416  125.573  188.477 180.7645 100.6497  99.4436  124.297 132.1618 113.7355 185.9337 149.0582  79.9659  95.4469
  std. dev.   35.6887  46.7267  52.0908  28.7123  33.2791  42.9329  50.8457  51.7299  36.6158  47.2239  34.6758  32.4464  57.6088  40.1434  39.3946  42.2398  51.1736  42.4394  59.2167  52.4906  38.4658  31.1297  48.4247  55.4625  37.2539  64.3193  39.5902  34.2707  46.2885  51.7646  35.2023  52.5836  39.0466  32.5377  49.6398  37.0379  43.0519

V1897
  mean       167.7916  65.1565 149.8896 180.5123 153.8373 138.1959 138.2553 142.2094 136.7675 123.7585 151.6606 108.0705  42.7686 138.4367 147.6985 171.9435  129.546 189.7023 140.1071  79.9773 129.2153  66.0537  51.8628 159.4899 161.8071 108.6551 171.8332  167.005  58.2763  79.2601 117.3224   46.659  95.7321 183.6634   160.29  65.4837  76.3107
  std. dev.   45.5468  34.7333  45.9168  35.2512  24.2931  35.8502  53.5709  47.3416   30.056  47.2509  34.8518  24.5998  24.6243  37.7496  34.2483  39.3989  55.4365  28.9378  56.0938  38.8037  26.9054  28.8236  29.7234  39.4511  66.3273   60.364  47.1197  31.0228  28.0377  46.7065  31.8599  28.8591  33.5503   26.881  36.7566  35.7179  32.1545

V1898
  mean       169.1777  65.8618   152.95 182.0939 152.8769 138.4888 136.4804 141.1854 136.5408  123.111 152.7967 108.1722   40.506 139.9715 148.4309 172.7978 130.2664 188.7917 141.2285  78.7859 129.4716  65.3107  53.0655 159.0252 160.6124 107.5141 172.0189 163.9993  60.1789  83.0507 117.7482  46.9334  95.1153 183.6155  160.641   66.779  76.0367
  std. dev.   45.9558  35.2406  44.6874  33.5895  23.4155  35.8392  52.9028  47.3073  30.7204  44.8853  33.8125  24.0682  22.6182  38.8106  34.5963  38.4891   54.289  28.7618   53.912  37.3671  26.2467  28.1628  29.0595  38.1581  65.4023  58.7766  46.5312  31.8833  28.3565  46.5047  31.2476  28.9732  33.9397  27.6935  37.1669  35.0195  31.7312



Time taken to build model (full training data) : 444.69 seconds

