=== Run information ===

Scheme:       weka.clusterers.EM -I 50 -N -1 -X 3 -max -1 -ll-cv 1.0E-6 -ll-iter 1.0E-6 -M 1.0E-6 -K 3 -num-slots 1 -S 100
Relation:     fer2018-weka.filters.unsupervised.instance.Resample-S42-Z30.0-no-replacement-weka.filters.unsupervised.attribute.Remove-R2-11,16-29,33-59,63-76,81-149,151-174,176-197,199-245,247-271,274-551,555-599,603-623,625-647,651-696,698-721,724-745,747-769,772-792,794-818,820-865,867-1360,1365-1374,1377-1407,1411-1422,1425-1456,1459-1504,1506-1513,1516-1561,1564-1721,1723-1769,1771-1817,1819-1848,1853-1895,1900-1944,1947-2305-weka.filters.unsupervised.attribute.Remove-R3,10-12,14-17,19,21-22,24-25,28-29,31,34-35,38,40-41,43,47,50,53,56-58,60-61,64-65,69-71-weka.filters.unsupervised.attribute.Remove-R2,4-5,8-9,11-12,14,16,18,20-23,27-29,31-34-weka.filters.unsupervised.instance.RemoveDuplicates
Instances:    10591
Attributes:   15
              V14
              V31
              V32
              V198
              V601
              V649
              V722
              V771
              V1376
              V1409
              V1410
              V1514
              V1897
              V1898
Ignored:
              class
Test mode:    Classes to clusters evaluation on training data

=== Clustering model (full training set) ===


EM
==

Number of clusters selected by cross validation: 20
Number of iterations performed: 50


             Cluster
Attribute          0        1        2        3        4        5        6        7        8        9       10       11       12       13       14       15       16       17       18       19
              (0.03)   (0.04)   (0.07)   (0.05)   (0.02)   (0.03)   (0.07)   (0.07)   (0.06)   (0.05)   (0.04)   (0.09)   (0.02)   (0.02)   (0.06)   (0.05)   (0.07)   (0.04)   (0.06)   (0.05)
================================================================================================================================================================================================
V14
  mean       128.5984  62.7691 166.2658  127.189  66.3101  28.6206  95.6708 156.1551   46.194 130.8456  68.9642 116.0396 107.9879 193.8593 192.7916  89.6833  85.0511 143.4913 113.0257 137.9539
  std. dev.   68.7736  48.6742  55.4436  59.2396  53.0229  21.9488  54.1067  43.6868    34.11  61.7941  48.8493   45.105  71.9258  69.7232  42.9048  48.5163  62.4676  60.4159  49.9585  60.4658

V31
  mean        98.7632  55.5355 166.3747 165.0265   62.709  36.4804   88.065 182.7633  43.1318  193.303 135.0055 132.2925  96.8415 165.3092 212.3231 152.2633  41.1437  151.892 110.7534  202.812
  std. dev.   48.4593  32.1158  45.4998   42.084  39.7394  25.0536  43.4927  19.4328  25.8722  30.9288  35.0472   30.269  64.4353  65.7393  21.3359  33.3999   22.053  47.4769  28.9344  26.9917

V32
  mean        96.8623  52.8903 164.6176 165.3047  59.1609  36.1148  87.7159 181.6657  41.5944   190.08 134.1625  130.415  95.7746 165.1028 210.7097 148.9672  40.5712 147.6143 108.3684 202.5017
  std. dev.   47.8982  30.6497  45.9156  43.1142  40.5676  25.2393  44.0321  20.3029  24.4507  32.8497  35.7993  30.9324  64.2668  67.0616  21.8186  34.3613  21.6546  48.4837  28.6329  27.1985

V198
  mean       155.0241  52.0291 180.2344 105.9001  46.8448  21.1669   111.06 135.8274  35.9616  71.9407  27.4607  97.7136 170.5231 254.2198 170.4028  41.2116 123.1413 134.8873 111.1261  89.7567
  std. dev.   70.7833  40.6444  52.6991  59.9213  41.0742  16.4654  62.6329  54.0554  25.4982  49.1514   22.587  44.9633  83.6108   1.2512  59.4187  27.8094  72.7773  62.3378  53.2219  56.2982

V601
  mean       209.7754 203.9815 141.1519  82.1203 179.5579  80.5451  85.6465 179.8827 129.8141  218.337 120.0049 142.5934 151.7263 182.1771 213.5303 175.0569  135.834 192.7894 180.0834 185.4935
  std. dev.   19.9924  21.6916  47.2965  34.8689  36.6236  40.1673  33.6558  19.5347  50.8943  15.3709  36.2988  21.5635  48.0694  47.4546  19.6594  20.2582  50.7869  19.6354  26.4438  29.3818

V649
  mean       208.5404 203.8413 138.0701   80.588 176.1958  80.4303  83.2467 176.9233 131.3236 215.7362 116.3157 138.7164 149.9753 178.8962 211.5362 171.7474 136.2768 191.1714 178.2882 181.6318
  std. dev.    19.127  20.8298    47.91  34.8061  36.5786  39.5641  33.5545  20.0128  48.1834  16.0436  36.8129  21.4993  49.2735  48.5773  20.4248  20.2602  48.7265  19.4702  26.6114  31.2713

V722
  mean       205.1749  44.4525 202.5254  87.7225  34.1106  24.3647 120.0924 140.7261  39.5455  60.9427  19.4394 102.9806 253.1646 254.5248  190.638  30.2948 159.7392 167.1563 122.6287  73.7279
  std. dev.   38.7529  32.3481  28.1943  49.2353  25.5415  19.7272  60.5611  53.2975  26.5934  41.0653  14.0351  43.0369    2.294    0.821  46.5834  19.7364  56.5318  55.3743  46.3852  48.7593

V771
  mean        201.738  46.0136 199.5876  87.9538  33.7794  24.5333 117.9156 138.9047  39.9071  59.3451  19.8079 101.2772 253.1352 254.3986 188.7926  30.0579 155.2863 161.8367 121.3166  72.5374
  std. dev.   36.1547  32.9705  28.0675   44.938  25.8393  18.9066  57.5915   52.595   26.734  38.7419  14.4245  40.0793    2.264   1.1616  42.4434  18.4963  55.1861  53.0938    42.41  45.3663

V1376
  mean       191.1813 184.6762 142.3119 142.2418 150.2812  87.0659  83.9485 167.7677  142.276 199.6878 120.4612 127.4053 149.3568 175.8746 191.4089 160.2489 139.5957 161.3587 160.3974 157.1834
  std. dev.   33.0301  35.9586  49.7568   48.585  57.6245  45.2358  35.5775  28.1615  45.9729  27.4732  47.2078   35.625  45.8106  46.6218  37.6088  35.5763  49.4575  47.6996  41.0385  54.3534

V1409
  mean       207.7109 197.1246 137.7624 142.2171 176.4873  77.7401  81.8135 172.0297 141.4427 208.6241  92.9606  130.499 146.5706 171.2966 210.0503 163.4498 153.8017 190.6344 183.6749 121.5264
  std. dev.   19.1785  25.1702   48.107  48.2558  39.2134  38.5432  28.9593  22.8128  42.0014  19.2501  41.0092  23.6305  49.2207  51.5827  20.7363  25.4859  41.7748  22.3635  24.2685  50.9703

V1410
  mean       207.4684 195.5929 136.9346 141.9131 174.7248  74.9231  79.1487 169.0815  140.407  206.682  91.6734 127.2892 145.8764 168.5901   207.72 159.5788 152.6368 187.4277 181.0694 114.2739
  std. dev.   18.3097  25.9135  48.5111   48.229  39.4012  36.8207  27.4142  23.4544  41.7206  20.1351   40.659  24.8138    49.19  51.1056   22.479  27.3305  41.7249  25.2722  24.3441  49.9852

V1514
  mean       182.0508 176.3037  134.208 131.9389 131.7928  80.7414  74.7983 155.1175 132.2423  181.805  98.5953 114.6913 146.8184 161.7202 187.3661 143.7535 137.9895 144.5919 162.4396 137.7013
  std. dev.   40.3322  40.1303  52.2474  50.9361  58.6374  40.3618  33.4293  36.6461  47.4934  38.3468  47.3412  36.5445    46.16  51.6141  39.1519  41.1802  46.9835  49.0194  38.9392  57.4059

V1897
  mean       184.8897 166.8055 120.3491 127.5993  43.6848  62.7028  63.6206 147.0311 135.6087 165.6977  83.6202 104.1937 120.0269 148.1363 166.9398 138.4279 123.2415  57.5371 159.7986  117.278
  std. dev.   30.4209  39.2755  51.3602  52.1241  27.3479  33.9861  29.1036  30.4662  38.2841  50.1122  43.6225  35.6791  53.8068  57.5407  47.5767  39.2256  49.9394  32.6341  30.6326  63.8864

V1898
  mean       183.5163  167.284 121.1121  127.008  41.6692  64.6784   63.619 147.2314 136.1266 165.5371  86.0281 104.3314 120.8097 150.0513 166.0248 139.3412 121.8503  57.3774 158.9224 120.1611
  std. dev.    30.069  38.5621  50.2131  51.1515   26.005  35.1623  28.9831  30.6258  38.3283   51.233  42.7788  35.7079  52.6784   55.602  46.9567  39.8815  49.3895   31.429  31.0942  63.2428



Time taken to build model (full training data) : 321.7 seconds

=== Model and evaluation on training set ===

Clustered Instances

 0        323 (  3%)
 1        461 (  4%)
 2        723 (  7%)
 3        503 (  5%)
 4        170 (  2%)
 5        303 (  3%)
 6        703 (  7%)
 7        779 (  7%)
 8        694 (  7%)
 9        599 (  6%)
10        414 (  4%)
11        943 (  9%)
12        233 (  2%)
13        265 (  3%)
14        658 (  6%)
15        555 (  5%)
16        721 (  7%)
17        408 (  4%)
18        585 (  6%)
19        551 (  5%)


Log likelihood: -72.58221


Class attribute: class
Classes to Clusters:

   0   1   2   3   4   5   6   7   8   9  10  11  12  13  14  15  16  17  18  19  <-- assigned to cluster
  34  34 110  61  21  39 110 123  75  58  73 140  45  45  70  55  93  37  84 127 | 0
   3   7  13  12   1   5  13  17   6  11   4  13   5   7  13  11   2   3   6  12 | 1
  55  54 122  80  29  35  77 123  56  87  54 134  53  53 119  57 121  74  56  92 | 2
  71 143 175 125  14  62 162 207 225 167 100 244  40  60 155 171 152  42 216 143 | 3
  24  46 159 135  25  84 188 130 123  52  92 198  23  19  64  81 151  58  68  86 | 4
  72  63  50  17  55  10  27  65  24  99  18  55  37  54 129  47  59 157  49  42 | 5
  64 114  94  73  25  68 126 114 185 125  73 159  30  27 108 133 143  37 106  49 | 6

Cluster  0 <-- No class
Cluster  1 <-- No class
Cluster  2 <-- 2
Cluster  3 <-- No class
Cluster  4 <-- No class
Cluster  5 <-- No class
Cluster  6 <-- 4
Cluster  7 <-- 1
Cluster  8 <-- 6
Cluster  9 <-- No class
Cluster 10 <-- No class
Cluster 11 <-- 3
Cluster 12 <-- No class
Cluster 13 <-- No class
Cluster 14 <-- No class
Cluster 15 <-- No class
Cluster 16 <-- No class
Cluster 17 <-- 5
Cluster 18 <-- No class
Cluster 19 <-- 0

Incorrectly clustered instances :	9551.0	 90.1803 %

