=== Run information ===

Scheme:       weka.clusterers.Canopy -N -1 -max-candidates 100 -periodic-pruning 10000 -min-density 2.0 -t2 -1.0 -t1 -1.25 -S 1
Relation:     fer2018-weka.filters.unsupervised.instance.Resample-S42-Z30.0-no-replacement-weka.filters.unsupervised.attribute.Remove-R2-11,16-29,33-59,63-76,81-149,151-174,176-197,199-245,247-271,274-551,555-599,603-623,625-647,651-696,698-721,724-745,747-769,772-792,794-818,820-865,867-1360,1365-1374,1377-1407,1411-1422,1425-1456,1459-1504,1506-1513,1516-1561,1564-1721,1723-1769,1771-1817,1819-1848,1853-1895,1900-1944,1947-2305-weka.filters.unsupervised.attribute.Remove-R3,10-12,14-17,19,21-22,24-25,28-29,31,34-35,38,40-41,43,47,50,53,56-58,60-61,64-65,69-71-weka.filters.unsupervised.attribute.Remove-R2,4-5,8-9,11-12,14,16,18,20-23,27-29,31-34-weka.filters.unsupervised.instance.RemoveDuplicates
Instances:    10591
Attributes:   15
              V14
              V31
              V32
              V198
              V601
              V649
              V722
              V771
              V1376
              V1409
              V1410
              V1514
              V1897
              V1898
Ignored:
              class
Test mode:    Classes to clusters evaluation on training data

=== Clustering model (full training set) ===


Canopy clustering
=================

Number of canopies (cluster centers) found: 25
T2 radius: 1.295     
T1 radius: 1.618     

Cluster 0: 127.888185,144.017561,142.189464,112.462908,162.261976,159.764783,122.099869,120.434118,152.235934,157.496954,154.932625,141.756302,120.949946,121.144427,{8371} <0,1,2,3,4,5,6,7,8,9,10,11,12,13,14,15,16,17,18,19,20,21,22,23>
Cluster 1: 36.670732,41.276132,40.362369,34.662892,125.264808,125.926829,37.531359,37.436411,137.380662,139.228223,137.513937,124.691638,125.502613,126.266551,{1148} <0,1,2,3,4,5,6,8,9,10,11,13,14,16,18,19,22,24>
Cluster 2: 167.632653,104.170068,101.183673,232.102041,190.768707,186.77551,234.680272,235.258503,183.85034,138.591837,145.272109,169.619048,181.55102,182.258503,{147} <0,1,2,3,4,5,6,7,8,9,10,11,12,13,15,16,17,18,19,20,21,23>
Cluster 3: 92.958678,173.070248,172.690083,49.578512,181.557851,178.46281,34.652893,33.533058,173.838843,148.18595,143.706612,158.966942,200.404959,201.004132,{242} <0,1,2,3,4,5,6,7,8,9,11,12,13,14,18,19,22,23,24>
Cluster 4: 68.408397,59.816794,61.263359,104.725191,74.209924,74.622137,116.912214,114.28626,71.477099,60.90458,59.98855,67.339695,59.71374,60.400763,{262} <0,1,2,3,4,5,6,9,10,11,12,13,14,15,16,17,20,22,24>
Cluster 5: 68.149254,44.353234,43.363184,179.721393,164.81592,164.547264,222.472637,220.427861,164.154229,184.318408,184.233831,162.985075,171.721393,167.323383,{201} <0,1,2,3,4,5,6,7,8,9,10,11,12,13,15,16,18,19,21>
Cluster 6: 82.318182,161,175,137.5,129.454545,112.863636,229.590909,222.318182,202.681818,182.954545,182.454545,180.363636,205.136364,206,{22} <0,1,2,3,4,5,6,7,8,9,10,11,12,13,15,18,19,20,21,23>
Cluster 7: 220.827957,224.408602,221.591398,223.83871,219.537634,216.935484,212.408602,213.344086,210.72043,228.709677,225.688172,200.473118,221.064516,220.698925,{93} <0,2,3,5,6,7,8,11,12,17,18,19,21,23>
Cluster 8: 48.809524,52.761905,48.761905,68.47619,238.809524,238.809524,53.285714,52.761905,224.047619,224.714286,215.285714,219.857143,190.714286,192.857143,{21} <0,1,2,3,5,6,7,8,11,13,14,18,19,23>
Cluster 9: 183.888889,70.777778,64.555556,223.888889,48.333333,55.222222,200.444444,201,165.666667,52.666667,68.111111,137.222222,178.333333,166.111111,{9} <0,1,2,3,4,5,6,9,10,11,12,13,15,16,17,20,21>
Cluster 10: 15.5,13.5,16,19.5,99.5,104.5,244,248.5,90.5,151,165,64,89.5,79,{2} <0,1,2,4,5,6,9,10,11,13,14,15,16>
Cluster 11: 171.583333,59.5,61.75,141.416667,172.583333,174.166667,66.5,82.75,89.583333,189.833333,182.916667,105.833333,182.166667,176.416667,{12} <0,1,2,3,4,5,6,7,8,9,10,11,12,13,14,15,16,17,18,19,23,24>
Cluster 12: 197.090909,218.272727,223,223.545455,71.454545,101.272727,176.545455,151.090909,77.272727,99.181818,86.181818,97.181818,182.818182,180.636364,{11} <0,2,3,4,5,6,7,9,11,12,15,17,18,20,21>
Cluster 13: 4.333333,41.666667,16,40.333333,192,207.333333,202.666667,195.333333,213,121,100.666667,178.666667,52.333333,79.666667,{3} <0,1,2,3,4,5,6,8,9,10,11,13,14,15,16,19,22>
Cluster 14: 26.222222,72.555556,69,26,182.333333,186.666667,6.444444,19.888889,121.888889,28.444444,27.444444,87.555556,61.555556,72.888889,{9} <0,1,3,4,8,10,11,13,14,16,22,24>
Cluster 15: 201,28.25,43,248,74.75,85.5,221.5,245.75,164.5,198,199,177,20.25,23.25,{4} <0,2,4,5,6,9,10,11,12,13,15,16,20>
Cluster 16: 167.666667,11.666667,15.333333,231.333333,235.666667,236,209,114.333333,133,184,118,26.666667,17,18,{3} <0,1,2,4,5,9,10,11,13,14,15,16,17>
Cluster 17: 238.8,213.2,208.4,238.2,221.2,217.2,183,180.4,89,40.6,50,44.2,26,81.8,{5} <0,2,4,7,9,11,12,16,17,18,20,22>
Cluster 18: 105.333333,184.333333,178,197,187.333333,225.333333,68.333333,51.666667,92.666667,203.333333,196.666667,203.333333,202.333333,197.666667,{3} <0,1,2,3,5,6,7,8,11,12,17,18,19,23>
Cluster 19: 150,100.5,107.5,22,247,247,255,139.5,188.5,207.5,215.5,242.5,241.5,242.5,{2} <0,1,2,3,5,6,7,8,11,13,18,19,23>
Cluster 20: 240.75,226.75,236.75,238.75,61.75,37,235.25,236,76.75,60.75,71.25,36,45.75,53.5,{4} <0,2,4,6,9,12,15,17,20,21>
Cluster 21: 252.5,251,249.5,247.5,34,24,244.5,247,143,196,198.5,170.5,202.5,221.5,{2} <0,2,5,6,7,9,12,20,21>
Cluster 22: 31.25,227.25,220.5,31,143.75,140.5,28.25,28.75,165.75,21.25,10.75,110.25,13.75,54.5,{4} <0,1,3,4,13,14,17,22>
Cluster 23: 253,235.5,250.5,141.5,240.5,240.5,21,78.5,240.5,239.5,239.5,244.5,194,169,{2} <0,2,3,6,7,8,11,18,19,23>
Cluster 24: 4.5,32.5,23.5,4.5,58,59.5,27.5,28.5,20.5,5.5,14.5,5,233,232.5,{2} <1,3,4,11,14,24>



Time taken to build model (full training data) : 0.11 seconds

=== Model and evaluation on training set ===

Clustered Instances

 0       3093 ( 29%)
 1       1495 ( 14%)
 2        527 (  5%)
 3       1122 ( 11%)
 4        859 (  8%)
 5        465 (  4%)
 6        258 (  2%)
 7        645 (  6%)
 8        410 (  4%)
 9         99 (  1%)
10         81 (  1%)
11        240 (  2%)
12        160 (  2%)
13        118 (  1%)
14        195 (  2%)
15         80 (  1%)
16         27 (  0%)
17         98 (  1%)
18        121 (  1%)
19         67 (  1%)
20         66 (  1%)
21         34 (  0%)
22        170 (  2%)
23        150 (  1%)
24         11 (  0%)


Class attribute: class
Classes to Clusters:

   0   1   2   3   4   5   6   7   8   9  10  11  12  13  14  15  16  17  18  19  20  21  22  23  24  <-- assigned to cluster
 422 159  84 142 144  51  44  69  41  12   9  43  28  13  34   6   8  29  20  10   7   6  34  14   5 | 0
  52  15   9  24  11   8   4  13   6   0   1   1   1   0   4   2   0   2   2   0   3   0   4   2   0 | 1
 466 163 112 121  99  80  62 110  49  17   8  29  18  28  33  13   5  24  26   8   8   2  24  26   0 | 2
 722 404 124 390 194 102  50 164 126  24  12  75  54  18  34  11   1  17  36  17  16  11  29  40   3 | 3
 577 278  60 142 227  58  35  67  38  23  21  44  31  14  53  17   3  10  16   5  16   9  41  19   2 | 4
 389 100  67  85  36  78  27 133  51   5   8  16   6  27   4  24   7   7   8  10   6   1  13  21   0 | 5
 465 376  71 218 148  88  36  89  99  18  22  32  22  18  33   7   3   9  13  17  10   5  25  28   1 | 6

Cluster  0 <-- 4
Cluster  1 <-- 6
Cluster  2 <-- 2
Cluster  3 <-- 3
Cluster  4 <-- 0
Cluster  5 <-- 1
Cluster  6 <-- No class
Cluster  7 <-- 5
Cluster  8 <-- No class
Cluster  9 <-- No class
Cluster 10 <-- No class
Cluster 11 <-- No class
Cluster 12 <-- No class
Cluster 13 <-- No class
Cluster 14 <-- No class
Cluster 15 <-- No class
Cluster 16 <-- No class
Cluster 17 <-- No class
Cluster 18 <-- No class
Cluster 19 <-- No class
Cluster 20 <-- No class
Cluster 21 <-- No class
Cluster 22 <-- No class
Cluster 23 <-- No class
Cluster 24 <-- No class

Incorrectly clustered instances :	8851.0	 83.571  %

