=== Run information ===

Scheme:       weka.clusterers.SimpleKMeans -init 0 -max-candidates 100 -periodic-pruning 10000 -min-density 2.0 -t1 -1.25 -t2 -1.0 -N 10 -A "weka.core.EuclideanDistance -R first-last" -I 500 -num-slots 1 -S 10
Relation:     fer2018-weka.filters.unsupervised.instance.Resample-S42-Z30.0-no-replacement-weka.filters.unsupervised.attribute.Remove-R2-11,16-29,33-59,63-76,81-149,151-174,176-197,199-245,247-271,274-551,555-599,603-623,625-647,651-696,698-721,724-745,747-769,772-792,794-818,820-865,867-1360,1365-1374,1377-1407,1411-1422,1425-1456,1459-1504,1506-1513,1516-1561,1564-1721,1723-1769,1771-1817,1819-1848,1853-1895,1900-1944,1947-2305-weka.filters.unsupervised.instance.RemoveDuplicates-weka.filters.unsupervised.instance.RemoveDuplicates
Instances:    10592
Attributes:   71
              V12
              V13
              V14
              V15
              V30
              V31
              V32
              V60
              V61
              V62
              V77
              V78
              V79
              V80
              V150
              V175
              V198
              V246
              V272
              V273
              V552
              V553
              V554
              V600
              V601
              V602
              V624
              V648
              V649
              V650
              V697
              V722
              V723
              V746
              V770
              V771
              V793
              V819
              V866
              V1361
              V1362
              V1363
              V1364
              V1375
              V1376
              V1408
              V1409
              V1410
              V1423
              V1424
              V1457
              V1458
              V1505
              V1514
              V1515
              V1562
              V1563
              V1722
              V1770
              V1818
              V1849
              V1850
              V1851
              V1852
              V1896
              V1897
              V1898
              V1899
              V1945
              V1946
Ignored:
              class
Test mode:    Classes to clusters evaluation on training data

=== Clustering model (full training set) ===


kMeans
======

Number of iterations: 62
Within cluster sum of squared errors: 22181.711592604028

Initial starting points (random):

Cluster 0: 186,168,176,194,225,211,198,164,169,176,235,225,212,197,154,219,139,125,195,179,211,219,220,218,224,214,55,203,190,152,164,80,80,141,78,79,138,78,79,144,145,154,158,129,131,134,137,138,159,143,132,128,98,136,128,155,160,22,41,47,188,193,198,187,162,163,165,167,132,131
Cluster 1: 103,121,90,105,53,67,62,119,111,83,42,36,58,80,40,98,30,39,128,137,100,101,105,89,86,99,66,87,69,71,87,59,75,94,68,67,71,56,31,131,122,124,112,147,160,138,132,132,144,155,130,140,131,133,149,138,138,181,167,169,55,56,55,58,92,98,95,80,137,134
Cluster 2: 75,83,65,90,164,130,101,79,76,65,203,183,171,139,105,226,105,106,236,216,125,150,172,104,126,172,166,92,116,189,114,114,107,202,114,105,121,100,114,94,92,82,76,232,232,89,93,88,238,234,91,88,90,78,105,159,173,159,145,139,158,174,186,218,117,166,173,156,147,173
Cluster 3: 20,36,57,66,13,2,15,33,46,63,27,18,39,48,13,101,9,19,130,117,136,137,137,138,146,157,16,125,134,149,119,16,17,113,21,22,102,27,84,99,94,106,113,88,87,97,98,94,107,88,87,84,54,109,91,78,69,57,50,38,182,179,168,154,99,104,105,88,103,96
Cluster 4: 128,119,117,119,43,40,39,154,152,146,34,48,59,55,113,84,111,133,187,151,208,204,210,175,174,186,230,146,150,171,131,128,77,201,118,75,174,117,83,219,193,169,163,219,216,248,248,238,212,209,248,248,239,176,173,203,191,149,147,148,98,147,151,151,13,53,111,131,18,39
Cluster 5: 127,141,144,140,116,112,109,146,150,153,138,132,127,125,80,143,65,46,134,126,177,159,139,185,166,137,75,198,175,138,183,83,35,157,79,47,195,56,88,196,171,150,178,152,141,198,188,167,165,166,181,164,183,167,145,169,147,83,72,45,93,32,84,121,58,85,61,59,74,83
Cluster 6: 130,137,143,146,161,159,157,137,143,150,168,167,166,162,96,177,97,99,182,179,184,185,181,182,183,178,40,180,183,177,181,90,98,177,90,97,175,95,89,172,169,166,164,150,152,175,169,164,152,144,165,153,155,96,102,96,100,141,156,164,158,157,156,154,156,159,161,160,164,169
Cluster 7: 190,180,187,191,143,145,135,183,181,186,133,129,126,115,16,101,26,16,89,73,180,177,167,166,172,162,254,158,173,166,201,65,27,165,122,23,11,46,222,197,154,174,212,101,92,193,180,148,67,114,161,153,156,151,110,132,107,191,252,255,189,157,136,131,156,105,75,59,16,23
Cluster 8: 184,186,188,189,165,164,162,185,186,188,168,165,164,162,134,164,134,133,164,163,177,179,175,71,156,175,60,40,139,174,84,99,110,124,97,108,179,106,91,149,147,145,143,100,98,138,138,136,105,97,129,129,128,115,116,43,44,52,46,41,62,57,60,54,62,58,56,58,59,57
Cluster 9: 39,35,30,20,120,115,117,30,34,27,78,81,112,122,81,60,92,109,32,90,41,11,1,27,2,2,45,38,16,6,23,106,114,20,97,105,84,117,114,130,129,131,133,132,139,139,142,140,129,131,149,144,157,99,111,63,79,171,161,154,101,33,12,9,151,80,19,12,105,18

Missing values globally replaced with mean/mode

Final cluster centroids:
                         Cluster#
Attribute    Full Data          0          1          2          3          4          5          6          7          8          9
             (10592.0)   (1027.0)   (1102.0)   (1314.0)   (1099.0)   (1079.0)   (1055.0)   (1077.0)   (1111.0)    (856.0)    (872.0)
====================================================================================================================================
V12           110.3807    186.446     60.167   136.6355    49.2611    92.5255    60.0891   152.8487   181.0738    127.597    45.2385
V13           112.9647   188.2551     64.676   141.8508    50.5696    88.5551    66.2758   162.9591   181.4662   125.3657    45.9197
V14           115.8484   190.7332    71.1062    146.809     51.737    87.1585    74.6445   169.2451    181.153   122.4544    48.0562
V15           118.5727    191.815    78.2985   150.6522    52.8981    86.6719    84.7621   173.9099    180.117   119.2745    50.5711
V30           130.8073   197.4304   133.7096   162.8638    46.7916    79.7609   160.2664   186.8449   166.4347    93.6016    55.6972
V31           129.4603   195.9932    133.049   161.1362    45.9336    78.3049   157.8152    184.662   165.7138    92.8049     54.711
V32           127.8815   194.8111   131.0753   159.2823    46.5032    77.2715   153.6464   181.6202   163.6418     92.604    54.4128
V60           112.5537   188.2658    63.0209   139.0967    50.9518    92.0649    64.4768   160.3668    182.315   126.0701    45.9381
V61           116.0068   191.1022    69.4773   144.5799     52.828      90.95    73.4806   168.7335   182.2484   124.2161    47.8119
V62           119.2654   192.9241    77.0799   149.4848    55.0127    90.8684    83.7318   173.7827   180.9802   121.9252    50.8222
V77           137.3934   201.6349   139.2768   165.9467    58.2775    92.8962   174.0664   193.7066    168.928    94.5818    59.0252
V78           136.3784   201.4343   140.1479   165.3341    55.0127    89.7563   173.5858   192.2618   168.5779     93.757    58.3761
V79           134.7028    199.482   139.8131   163.7321    52.2229    87.2085   171.3232   190.1597   167.7444       92.5    57.4576
V80           133.0512   197.6144   138.6171   162.0495     51.242    84.9212   167.7327   187.9201   166.3123    92.2138    56.9243
V150           107.203    188.517    48.8539   104.1918    49.1001   136.6284    50.5858   108.2628   185.6076   155.6379    46.2798
V175          142.8378   201.0594   146.7532   163.6895    75.6415   109.5533   186.0398   194.5153   167.5878    94.7804      63.32
V198          106.6136   187.8393     48.726   104.5875    47.7116   135.3197    49.9194    108.662   185.5068   153.8972    45.0034
V246          105.8179   186.9601    48.6833    104.277    46.6733   133.8832    49.7981   108.3166   183.8209   151.7383    44.8222
V272           145.261   198.2201   146.0508   158.5365    93.3176   124.8091   188.8919   192.2331   162.9271    94.6355    69.0447
V273          142.7514   196.3817   145.1289   156.4467    87.8035   120.2391   185.8531    189.857   161.3528    92.7664    68.0963
V552          158.1736   204.6981   132.7967   150.7549   157.4286   171.8934   196.8161   200.4624   162.7894    101.854    81.0138
V553          158.8186   205.4245    134.833   151.4231   158.1492    171.912   198.1308   201.6602   163.1989   100.8867    80.8394
V554          158.5863   205.1597   135.5145   151.5068   157.5496   170.7535   198.1564   201.6119   162.3213    99.9883    81.5596
V600          156.2449   202.9163     128.52   146.9056   159.0018   172.7201   194.3403   198.1012   160.3141    98.4883    80.2534
V601          157.3271   204.0886    130.333   148.0563   161.9672   172.6525   196.5706   199.6555    160.775    96.9486    80.6456
V602          157.1084   203.4489   131.1298   148.1484   161.0655   171.1437   196.7915   199.7827    160.162     97.132    80.7764
V624          110.2373   168.7215    87.7586   113.0868    70.6952   125.6506    89.7194   115.1161   148.6265   105.5537     70.719
V648          153.8066   200.1198   124.2686   142.9209   160.1074   171.8193    190.418   194.6639   157.5644    96.2477    79.7213
V649          155.2762   201.3944   125.9238   144.4665   163.0446   171.7924   194.0284   196.7177   158.6112     95.361    80.6147
V650           155.303   200.9688   126.7105   144.9665   162.4459    171.468   194.6635   196.7038   157.9469    95.0269    81.2718
V697          153.3306   198.7819   123.0372   141.9932   162.7971   171.1956   190.0123   193.3946   156.9955    95.1332    79.7294
V722          115.2383   209.3788    52.4029    91.0616    50.1529   189.4754    56.5242    92.1848    197.541   168.2126    53.0195
V723          112.8133   205.0312    51.3693    90.2116    48.3094   182.2169     53.291    92.4457        197   164.4276    50.5711
V746          151.8494   197.5024   122.5681   139.7565   160.0692    169.569   187.7602   190.0288   155.5293    95.5666    80.9828
V770          115.8834    210.075    52.3993    90.2839    51.5987   191.7229    57.4938    92.4243   197.9766   168.5292    54.2741
V771          113.7495     206.37    51.8603    89.9498    50.7725   183.9889    54.2806    93.2841    196.937   165.3668    51.7683
V793          151.1688   197.4956   120.5935   139.1842   158.1001   169.5107   183.0692   189.3296   156.3501    99.1752     80.586
V819          114.7529   206.2863    53.3893    90.5753    53.8808   184.5134    56.2237    95.7707    195.342   165.7453    52.8521
V866          117.4218   209.6232    55.5726    91.9384    56.3394   191.4198      61.29    96.4596   196.6031   166.8446    55.2167
V1361         157.0923   200.6582   116.6506    145.086   172.4086   178.3457   184.1308   193.9489    159.874   112.3458    91.5287
V1362         154.5956   198.8724   114.3557   141.2352   170.9527   177.4995   181.5118   190.7057   156.3897   109.2991    89.4943
V1363         151.7184    196.259   111.2668   137.9216   166.5742   175.6515   176.6047   185.4856   155.7102   108.5035    88.3555
V1364         148.9786   193.1091   109.5236    135.602   161.9208   171.6738   169.2777   180.0455   156.2151   109.5596    89.1743
V1375         149.0842   188.4314   128.6579   136.3463   156.7825   165.5449   182.4626   177.6704   146.8758   102.2068    90.8222
V1376         150.2697   190.5755   128.7278   137.7922   157.9199   167.4328    185.328   180.9109   146.6346   101.2056    90.4817
V1408         154.9167   199.5063   113.7922   142.2032   168.4595    175.582        181   192.6128    158.405   111.6951    90.7603
V1409         153.6356   198.6787   112.1334   140.3737   169.0009   175.5829   180.7621   191.2061    156.036   108.2734    88.7454
V1410         151.3226    196.518   109.6497   137.1377   167.4049     174.81   178.0313   187.3863   153.7687   106.4544    86.8739
V1423         145.6513   186.6105   125.4174   132.1773   151.9818   163.3475   179.9204   174.1058   142.4311    97.9603    87.7248
V1424         147.2619   187.8569   125.6461   133.7146   154.6606   165.4143   183.2265   178.0585   142.3816    98.5572    87.8761
V1457          150.181   196.0156   108.5463   135.9772   164.7634   171.7702   176.6455   188.1291   152.9982   105.2523    86.7534
V1458         148.5536   194.2074   106.1089   134.8881   163.5214   170.7692   174.0417   184.5785   151.6598   105.2512     85.883
V1505         146.9495    191.222   105.6887   133.0906   161.8226    167.835   171.9318   184.4132   149.7021   104.4241    84.9885
V1514         139.7914   183.6037   109.9991   122.2405    149.748   160.9212   170.6692   170.7549    137.577    96.2056    83.6021
V1515         139.0884   182.6991   111.9646   121.8683   147.3103   159.3726   171.0142   169.1569   136.5509    95.2488    82.9954
V1562         136.9617     180.37   105.7096   119.9612   149.8826   157.7331    165.873   167.0334   135.2763    94.2021    80.9656
V1563          137.119   179.0419    109.647   119.9977   148.5487   157.4328   167.2351   166.4689   135.1971     93.521     81.281
V1722         123.0945   174.8432   105.3902   117.3912   101.5159    137.759    133.546   144.9889   137.3807    95.0572    71.8005
V1770          121.609   174.9611   104.1252   116.3904    99.8344   137.2762   129.4009   143.0715   134.9379    93.1624    71.7959
V1818         120.0305   174.1986   102.2713   115.0388    97.4859   136.2502    125.855   141.3203   133.6634    92.4801    70.8761
V1849         123.9924   167.9357    96.4138    105.761   137.1392   141.5088   157.5668   158.0084   106.8326    86.5479    72.3073
V1850         124.1311   168.3389    97.6724   105.1826   136.8335   141.8971   159.4445   158.0176   106.8596    85.0222     71.883
V1851         123.9854    168.407    99.7214   105.6088   135.3367   140.6404   160.2777   157.7057   107.0351     82.903    71.4759
V1852         123.6782   168.2035   101.7985   105.5822   133.9427    139.202    159.109   156.8245   108.3834     81.222    71.3704
V1896         124.3444    169.739     95.882   104.4642    137.182   146.1501   156.3678   157.5116   108.2628    86.3119    71.7615
V1897         124.7349   170.8053    97.3457   105.2306   137.9436   145.3225   158.1137   158.6286   106.6751    85.4953    71.6411
V1898         124.9599   170.5735    99.2604   105.3234   138.4076    144.608   159.5403   158.6258     106.91    83.7874    72.0413
V1899         124.5363   170.7907   100.7387   105.4574   136.3221    142.835   159.4313   157.1718   107.9388    82.3283    71.4427
V1945         125.3331   169.6222    99.7976   106.5396   137.7361   144.7322   156.3725   156.4503   111.5203    87.7348    72.6468
V1946         125.3533   169.3807   100.4474   106.8295   137.5014   144.2521   157.4474   155.8097    111.874    86.8984    72.6697




Time taken to build model (full training data) : 2.5 seconds

=== Model and evaluation on training set ===

Clustered Instances

 0       1027 ( 10%)
 1       1102 ( 10%)
 2       1314 ( 12%)
 3       1099 ( 10%)
 4       1079 ( 10%)
 5       1055 ( 10%)
 6       1077 ( 10%)
 7       1111 ( 10%)
 8        856 (  8%)
 9        872 (  8%)


Class attribute: class
Classes to Clusters:

   0   1   2   3   4   5   6   7   8   9  <-- assigned to cluster
 122 168 221 102 139 111 131 183 125 132 | 0
  19  17  21   6  13  20  31  14  12  11 | 1
 185 153 193 116 163 132 153 218 123  95 | 2
 254 285 312 320 242 353 299 232 199 178 | 3
 106 235 288 165 161 111 125 185 198 232 | 4
 196  57 112 108 174 108 142 153  46  34 | 5
 145 187 167 282 187 220 196 126 153 190 | 6

Cluster  0 <-- 5
Cluster  1 <-- 0
Cluster  2 <-- 4
Cluster  3 <-- 6
Cluster  4 <-- No class
Cluster  5 <-- 3
Cluster  6 <-- 1
Cluster  7 <-- 2
Cluster  8 <-- No class
Cluster  9 <-- No class

Incorrectly clustered instances :	9056.0	 85.4985 %

