=== Run information ===

Scheme:       weka.clusterers.SimpleKMeans -init 0 -max-candidates 100 -periodic-pruning 10000 -min-density 2.0 -t1 -1.25 -t2 -1.0 -N 5 -A "weka.core.EuclideanDistance -R first-last" -I 500 -num-slots 1 -S 10
Relation:     fer2018-weka.filters.unsupervised.instance.Resample-S42-Z30.0-no-replacement-weka.filters.unsupervised.attribute.Remove-R2-11,16-29,33-59,63-76,81-149,151-174,176-197,199-245,247-271,274-551,555-599,603-623,625-647,651-696,698-721,724-745,747-769,772-792,794-818,820-865,867-1360,1365-1374,1377-1407,1411-1422,1425-1456,1459-1504,1506-1513,1516-1561,1564-1721,1723-1769,1771-1817,1819-1848,1853-1895,1900-1944,1947-2305-weka.filters.unsupervised.instance.RemoveDuplicates-weka.filters.unsupervised.instance.RemoveDuplicates
Instances:    10592
Attributes:   71
              V12
              V13
              V14
              V15
              V30
              V31
              V32
              V60
              V61
              V62
              V77
              V78
              V79
              V80
              V150
              V175
              V198
              V246
              V272
              V273
              V552
              V553
              V554
              V600
              V601
              V602
              V624
              V648
              V649
              V650
              V697
              V722
              V723
              V746
              V770
              V771
              V793
              V819
              V866
              V1361
              V1362
              V1363
              V1364
              V1375
              V1376
              V1408
              V1409
              V1410
              V1423
              V1424
              V1457
              V1458
              V1505
              V1514
              V1515
              V1562
              V1563
              V1722
              V1770
              V1818
              V1849
              V1850
              V1851
              V1852
              V1896
              V1897
              V1898
              V1899
              V1945
              V1946
Ignored:
              class
Test mode:    Classes to clusters evaluation on training data

=== Clustering model (full training set) ===


kMeans
======

Number of iterations: 41
Within cluster sum of squared errors: 25688.641612509546

Initial starting points (random):

Cluster 0: 186,168,176,194,225,211,198,164,169,176,235,225,212,197,154,219,139,125,195,179,211,219,220,218,224,214,55,203,190,152,164,80,80,141,78,79,138,78,79,144,145,154,158,129,131,134,137,138,159,143,132,128,98,136,128,155,160,22,41,47,188,193,198,187,162,163,165,167,132,131
Cluster 1: 103,121,90,105,53,67,62,119,111,83,42,36,58,80,40,98,30,39,128,137,100,101,105,89,86,99,66,87,69,71,87,59,75,94,68,67,71,56,31,131,122,124,112,147,160,138,132,132,144,155,130,140,131,133,149,138,138,181,167,169,55,56,55,58,92,98,95,80,137,134
Cluster 2: 75,83,65,90,164,130,101,79,76,65,203,183,171,139,105,226,105,106,236,216,125,150,172,104,126,172,166,92,116,189,114,114,107,202,114,105,121,100,114,94,92,82,76,232,232,89,93,88,238,234,91,88,90,78,105,159,173,159,145,139,158,174,186,218,117,166,173,156,147,173
Cluster 3: 20,36,57,66,13,2,15,33,46,63,27,18,39,48,13,101,9,19,130,117,136,137,137,138,146,157,16,125,134,149,119,16,17,113,21,22,102,27,84,99,94,106,113,88,87,97,98,94,107,88,87,84,54,109,91,78,69,57,50,38,182,179,168,154,99,104,105,88,103,96
Cluster 4: 128,119,117,119,43,40,39,154,152,146,34,48,59,55,113,84,111,133,187,151,208,204,210,175,174,186,230,146,150,171,131,128,77,201,118,75,174,117,83,219,193,169,163,219,216,248,248,238,212,209,248,248,239,176,173,203,191,149,147,148,98,147,151,151,13,53,111,131,18,39

Missing values globally replaced with mean/mode

Final cluster centroids:
                         Cluster#
Attribute    Full Data          0          1          2          3          4
             (10592.0)   (2247.0)   (2135.0)   (2457.0)   (2016.0)   (1737.0)
=============================================================================
V12           110.3807   174.9662   145.5119    99.7595    59.8363    57.3379
V13           112.9647   176.5674   145.0843   108.1005    61.6171    57.6839
V14           115.8484    178.166   144.6023   116.3435    64.8423    58.3898
V15           118.5727   179.2172   143.7255   124.2711    68.3522    59.4329
V30           130.8073   180.1478   131.3082   174.2776    86.0575    56.8129
V31           129.4603   178.8229   129.9944   172.4143    85.0288    55.7571
V32           127.8815   176.9795   128.7827   168.9487    84.3661    55.6753
V60           112.5537   177.0832   145.2595   105.4343    60.8919    58.9085
V61           116.0068   179.1776   145.1457    114.663    64.0322    60.6966
V62           119.2654   180.3178   144.8066   123.2308    68.2083    62.5429
V77           137.3934   186.0587   133.9817   182.3887    90.3348    69.6039
V78           136.3784   185.0806   133.1227   182.0765    89.7431    66.8641
V79           134.7028   183.2488   131.5911   180.5645    88.8502    64.0737
V80           133.0512   181.2065   130.4234   177.7867    88.1845    62.7812
V150           107.203   177.2733    156.518    69.4168    57.0769    67.5711
V175          142.8378   187.6693   133.3944   187.1811    95.1885    89.0294
V198          106.6136   176.8037   156.0014    69.3065    55.8482    66.8014
V246          105.8179   175.6142   154.2506    69.6239    55.0144    66.1589
V272           145.261   186.6894   131.9691   185.5462    98.2986   105.5285
V273          142.7514   184.3329   130.0333   183.2149    96.9792   100.4819
V552          158.1736   195.4072   134.1302   186.2108   101.2485   165.9701
V553          158.8186   195.6778   134.0824   187.9389   101.8616    166.456
V554          158.5863   195.5701   133.4806   188.0761   102.0407   165.5164
V600          156.2449   194.0943   131.0328   182.8205    98.7669   167.3903
V601          157.3271   194.7308   130.7068   185.1986     99.631   169.2003
V602          157.1084   194.0895   130.5194   185.5975    99.9886    167.947
V624          110.2373   156.4201   123.0581    99.9158    79.0511    85.5314
V648          153.8066   191.2385   128.6548   178.5153    96.7183   167.6062
V649          155.2762   192.3787   128.8365   181.6028    97.6374   169.4358
V650           155.303   191.8812   128.6567   182.0786    98.5615   168.7179
V697          153.3306   189.6965   127.9827   178.0102    96.3353   168.6839
V722          115.2383   192.2065    164.066    66.8221    61.7788    86.1871
V723          112.8133   189.6128   161.3546    64.7277     60.124    82.9712
V746          151.8494   187.7668   127.4951   175.2088    96.8398   166.1244
V770          115.8834   192.8229   164.4759      66.65    62.3537    88.3961
V771          113.7495   190.5857   161.7541    65.2267    60.8571    85.3736
V793          151.1688   187.5461   129.8225    172.068    96.6052    164.114
V819          114.7529   190.3832   161.2684    67.3118    61.9276    88.1595
V866          117.4218   192.9626    163.067    70.4233    64.1994    91.8486
V1361         157.0923   192.0828   136.9719   172.8828   103.4172   176.5199
V1362         154.5956   189.8683   134.4918    169.431   100.9489   174.9557
V1363         151.7184   187.1211   133.5171   164.5531    98.7049   171.6667
V1364         148.9786   184.2964   133.5902   158.7265    98.4861   167.0196
V1375         149.0842   179.4352   126.3864   168.1766   104.6815   162.2487
V1376         150.2697   181.2817   126.2801   171.2446   103.9936   163.6788
V1408         154.9167   190.5461   135.1817   170.3964   101.7688   172.8716
V1409         153.6356   189.3231   133.2066   168.9817    99.8601   173.2855
V1410         151.3226   187.3543     131.03    165.512    97.6939   171.8256
V1423         145.6513   176.4255   122.0431   165.0265   101.4896   158.7081
V1424         147.2619   178.0151   123.1368   168.1323    101.438    160.795
V1457          150.181   186.5518   129.3288    164.965    97.1622    169.384
V1458         148.5536   184.8447     128.66   162.2312    95.6667   168.0938
V1505         146.9495   182.4188   127.1391   161.1127    94.7773   165.9338
V1514         139.7914   172.8589   116.7911   155.3211    92.5154   158.1883
V1515         139.0884   171.6653   116.0126   155.1713    92.8304   156.2481
V1562         136.9617   169.5211   114.9105   151.3228    89.4742   156.7473
V1563          137.119   168.8954   114.7489   152.6317    90.8705   155.2424
V1722         123.0945   162.3471   114.6834   131.4123    86.7212   113.1054
V1770          121.609    161.441   113.2473   128.9129    85.9916   111.3661
V1818         120.0305   160.6533   112.0014   126.3093    84.8204   109.3333
V1849         123.9924   153.9822     98.518    139.464    81.1925   144.2988
V1850         124.1311   154.2377    97.4159   140.6789    81.2778   144.3512
V1851         123.9854   154.1549    96.5564   141.5698    81.5779   143.0173
V1852         123.6782   153.7859       96.8   141.3887    81.7564   141.3708
V1896         124.3444   155.3258    98.9307   138.2759    81.1443   145.9361
V1897         124.7349   155.6084    97.8792   140.2621     81.379   146.1623
V1898         124.9599   155.5817    97.1799   141.2792    82.0441   146.2176
V1899         124.5363   155.7027    96.9124   141.0492    81.8958   144.3045
V1945         125.3331   155.2804   100.9513   139.5674    83.0784   145.4686
V1946         125.3533   155.3823   100.3785   140.4147     83.126   144.9102




Time taken to build model (full training data) : 1.06 seconds

=== Model and evaluation on training set ===

Clustered Instances

0       2247 ( 21%)
1       2135 ( 20%)
2       2457 ( 23%)
3       2016 ( 19%)
4       1737 ( 16%)


Class attribute: class
Classes to Clusters:

   0   1   2   3   4  <-- assigned to cluster
 296 324 327 298 189 | 0
  40  33  54  26  11 | 1
 416 349 346 234 186 | 2
 534 494 688 450 508 | 3
 273 461 322 503 247 | 4
 377 198 283  86 186 | 5
 311 276 437 419 410 | 6

Cluster 0 <-- 2
Cluster 1 <-- 0
Cluster 2 <-- 3
Cluster 3 <-- 4
Cluster 4 <-- 6

Incorrectly clustered instances :	8251.0	 77.8984 %

