=== Run information ===

Scheme:       weka.clusterers.FarthestFirst -N 10 -S 1
Relation:     fer2018-weka.filters.unsupervised.instance.Resample-S42-Z30.0-no-replacement-weka.filters.unsupervised.attribute.Remove-R2-11,16-29,33-59,63-76,81-149,151-174,176-197,199-245,247-271,274-551,555-599,603-623,625-647,651-696,698-721,724-745,747-769,772-792,794-818,820-865,867-1360,1365-1374,1377-1407,1411-1422,1425-1456,1459-1504,1506-1513,1516-1561,1564-1721,1723-1769,1771-1817,1819-1848,1853-1895,1900-1944,1947-2305-weka.filters.unsupervised.instance.RemoveDuplicates-weka.filters.unsupervised.instance.RemoveDuplicates
Instances:    10592
Attributes:   71
              V12
              V13
              V14
              V15
              V30
              V31
              V32
              V60
              V61
              V62
              V77
              V78
              V79
              V80
              V150
              V175
              V198
              V246
              V272
              V273
              V552
              V553
              V554
              V600
              V601
              V602
              V624
              V648
              V649
              V650
              V697
              V722
              V723
              V746
              V770
              V771
              V793
              V819
              V866
              V1361
              V1362
              V1363
              V1364
              V1375
              V1376
              V1408
              V1409
              V1410
              V1423
              V1424
              V1457
              V1458
              V1505
              V1514
              V1515
              V1562
              V1563
              V1722
              V1770
              V1818
              V1849
              V1850
              V1851
              V1852
              V1896
              V1897
              V1898
              V1899
              V1945
              V1946
Ignored:
              class
Test mode:    Classes to clusters evaluation on training data

=== Clustering model (full training set) ===


FarthestFirst
==============

Cluster centroids:

Cluster 0
	 1.0 0.0 0.0 1.0 5.0 5.0 60.0 0.0 0.0 0.0 25.0 0.0 2.0 34.0 31.0 29.0 0.0 2.0 31.0 28.0 151.0 103.0 135.0 105.0 114.0 199.0 0.0 148.0 171.0 190.0 182.0 2.0 2.0 197.0 7.0 2.0 197.0 0.0 3.0 166.0 133.0 125.0 119.0 156.0 164.0 149.0 158.0 112.0 162.0 150.0 132.0 119.0 124.0 187.0 200.0 113.0 97.0 116.0 103.0 84.0 115.0 154.0 146.0 149.0 98.0 140.0 161.0 146.0 157.0 170.0
Cluster 1
	 255.0 253.0 254.0 253.0 254.0 254.0 254.0 235.0 255.0 254.0 254.0 254.0 254.0 254.0 154.0 254.0 235.0 255.0 254.0 254.0 254.0 254.0 254.0 254.0 254.0 254.0 254.0 254.0 254.0 254.0 254.0 255.0 255.0 254.0 253.0 252.0 254.0 254.0 254.0 254.0 254.0 254.0 254.0 254.0 254.0 254.0 254.0 254.0 254.0 254.0 255.0 254.0 250.0 252.0 254.0 194.0 254.0 254.0 254.0 254.0 254.0 254.0 254.0 254.0 253.0 253.0 253.0 254.0 255.0 255.0
Cluster 2
	 246.0 246.0 242.0 252.0 247.0 251.0 251.0 242.0 246.0 255.0 229.0 255.0 249.0 249.0 246.0 75.0 246.0 246.0 31.0 50.0 6.0 4.0 2.0 31.0 17.0 8.0 253.0 55.0 46.0 21.0 79.0 242.0 247.0 71.0 239.0 249.0 143.0 240.0 242.0 24.0 46.0 69.0 45.0 179.0 105.0 45.0 42.0 50.0 228.0 199.0 56.0 50.0 71.0 70.0 111.0 38.0 63.0 15.0 21.0 43.0 73.0 75.0 94.0 146.0 48.0 47.0 47.0 52.0 35.0 33.0
Cluster 3
	 255.0 252.0 254.0 238.0 18.0 15.0 16.0 254.0 253.0 251.0 28.0 24.0 14.0 31.0 255.0 81.0 255.0 255.0 193.0 183.0 243.0 240.0 237.0 242.0 238.0 233.0 255.0 243.0 238.0 232.0 237.0 255.0 255.0 235.0 251.0 180.0 244.0 66.0 62.0 248.0 248.0 247.0 248.0 58.0 48.0 205.0 202.0 201.0 35.0 31.0 194.0 193.0 234.0 44.0 38.0 32.0 33.0 12.0 12.0 24.0 19.0 11.0 6.0 6.0 15.0 19.0 15.0 11.0 22.0 17.0
Cluster 4
	 178.0 210.0 250.0 254.0 255.0 255.0 255.0 207.0 251.0 255.0 255.0 255.0 255.0 255.0 0.0 255.0 2.0 2.0 255.0 255.0 193.0 203.0 227.0 252.0 255.0 253.0 127.0 254.0 253.0 242.0 255.0 144.0 117.0 197.0 144.0 110.0 202.0 116.0 68.0 1.0 1.0 0.0 4.0 2.0 0.0 5.0 0.0 0.0 0.0 0.0 49.0 9.0 151.0 87.0 148.0 138.0 179.0 146.0 146.0 145.0 208.0 212.0 228.0 250.0 255.0 255.0 255.0 255.0 241.0 231.0
Cluster 5
	 176.0 142.0 144.0 131.0 0.0 0.0 0.0 208.0 208.0 212.0 0.0 0.0 0.0 0.0 128.0 0.0 129.0 191.0 8.0 6.0 0.0 0.0 0.0 0.0 0.0 0.0 0.0 0.0 0.0 0.0 0.0 8.0 38.0 0.0 14.0 14.0 0.0 98.0 12.0 34.0 6.0 0.0 0.0 0.0 0.0 36.0 14.0 11.0 0.0 0.0 8.0 3.0 60.0 0.0 0.0 6.0 1.0 12.0 0.0 1.0 0.0 0.0 0.0 0.0 0.0 1.0 0.0 0.0 2.0 0.0
Cluster 6
	 18.0 17.0 15.0 12.0 243.0 242.0 225.0 24.0 19.0 19.0 246.0 244.0 245.0 239.0 34.0 246.0 34.0 22.0 239.0 226.0 235.0 252.0 254.0 249.0 253.0 254.0 0.0 252.0 253.0 254.0 254.0 16.0 21.0 254.0 17.0 16.0 255.0 27.0 35.0 12.0 10.0 12.0 9.0 192.0 199.0 9.0 8.0 10.0 186.0 220.0 6.0 6.0 7.0 2.0 1.0 3.0 0.0 0.0 0.0 13.0 0.0 8.0 35.0 12.0 0.0 0.0 7.0 1.0 7.0 10.0
Cluster 7
	 44.0 49.0 29.0 44.0 253.0 246.0 229.0 46.0 30.0 35.0 254.0 254.0 246.0 235.0 25.0 250.0 24.0 25.0 243.0 222.0 255.0 255.0 252.0 142.0 229.0 255.0 232.0 23.0 66.0 166.0 39.0 39.0 59.0 71.0 59.0 47.0 49.0 29.0 43.0 255.0 254.0 254.0 254.0 255.0 227.0 246.0 254.0 253.0 252.0 243.0 252.0 253.0 252.0 38.0 23.0 139.0 79.0 27.0 33.0 38.0 154.0 100.0 53.0 43.0 214.0 175.0 135.0 96.0 87.0 62.0
Cluster 8
	 0.0 11.0 7.0 10.0 31.0 25.0 6.0 45.0 0.0 8.0 9.0 22.0 25.0 7.0 241.0 42.0 241.0 206.0 139.0 198.0 250.0 247.0 239.0 192.0 210.0 249.0 16.0 33.0 46.0 131.0 183.0 239.0 240.0 230.0 241.0 240.0 196.0 239.0 241.0 206.0 219.0 232.0 235.0 150.0 53.0 201.0 197.0 212.0 163.0 120.0 195.0 209.0 195.0 223.0 223.0 234.0 235.0 218.0 228.0 239.0 10.0 7.0 8.0 8.0 9.0 11.0 6.0 12.0 4.0 8.0
Cluster 9
	 199.0 200.0 196.0 190.0 118.0 91.0 83.0 202.0 200.0 198.0 133.0 114.0 102.0 105.0 214.0 143.0 213.0 217.0 72.0 69.0 49.0 31.0 25.0 32.0 28.0 94.0 126.0 33.0 67.0 147.0 61.0 153.0 179.0 83.0 146.0 137.0 84.0 136.0 149.0 235.0 241.0 239.0 227.0 78.0 80.0 238.0 232.0 239.0 74.0 72.0 225.0 229.0 194.0 65.0 65.0 67.0 69.0 84.0 68.0 78.0 226.0 217.0 223.0 243.0 246.0 246.0 244.0 238.0 228.0 220.0



Time taken to build model (full training data) : 0.09 seconds

=== Model and evaluation on training set ===

Clustered Instances

 0       4344 ( 41%)
 1       1276 ( 12%)
 2        458 (  4%)
 3        256 (  2%)
 4        264 (  2%)
 5        344 (  3%)
 6        152 (  1%)
 7       1177 ( 11%)
 8        518 (  5%)
 9       1803 ( 17%)


Class attribute: class
Classes to Clusters:

    0    1    2    3    4    5    6    7    8    9  <-- assigned to cluster
  540  149   63   40   62   72   31  150   54  273 | 0
   53   24    9    2    8    3    4   27    8   26 | 1
  505  231   84   50   41   37   21  181  107  274 | 2
 1226  326  113   32   83   64   23  254   82  471 | 3
  751  130  103   38   31  105   38  176   53  381 | 4
  326  231   25   71   12   14   14  164  152  121 | 5
  943  185   61   23   27   49   21  225   62  257 | 6

Cluster  0 <-- 3
Cluster  1 <-- 2
Cluster  2 <-- 1
Cluster  3 <-- No class
Cluster  4 <-- No class
Cluster  5 <-- 0
Cluster  6 <-- No class
Cluster  7 <-- 6
Cluster  8 <-- 5
Cluster  9 <-- 4

Incorrectly clustered instances :	8296.0	 78.3233 %

