=== Run information ===

Scheme:       weka.clusterers.Canopy -N -1 -max-candidates 100 -periodic-pruning 10000 -min-density 2.0 -t2 -1.0 -t1 -1.25 -S 1
Relation:     fer2018-weka.filters.unsupervised.instance.Resample-S42-Z30.0-no-replacement-weka.filters.unsupervised.attribute.Remove-R2-11,16-29,33-59,63-76,81-149,151-174,176-197,199-245,247-271,274-551,555-599,603-623,625-647,651-696,698-721,724-745,747-769,772-792,794-818,820-865,867-1360,1365-1374,1377-1407,1411-1422,1425-1456,1459-1504,1506-1513,1516-1561,1564-1721,1723-1769,1771-1817,1819-1848,1853-1895,1900-1944,1947-2305-weka.filters.unsupervised.attribute.Remove-R3,10-12,14-17,19,21-22,24-25,28-29,31,34-35,38,40-41,43,47,50,53,56-58,60-61,64-65,69-71-weka.filters.unsupervised.instance.RemoveDuplicates
Instances:    10592
Attributes:   36
              V12
              V14
              V15
              V30
              V31
              V32
              V60
              V78
              V198
              V272
              V553
              V601
              V602
              V649
              V697
              V722
              V770
              V771
              V819
              V1362
              V1364
              V1375
              V1376
              V1409
              V1410
              V1424
              V1457
              V1505
              V1514
              V1722
              V1849
              V1850
              V1896
              V1897
              V1898
Ignored:
              class
Test mode:    Classes to clusters evaluation on training data

=== Clustering model (full training set) ===


Canopy clustering
=================

Number of canopies (cluster centers) found: 22
T2 radius: 2.034     
T1 radius: 2.543     

Cluster 0: 107.916645,113.218403,116.065392,130.81649,129.706772,128.166839,109.855647,135.3855,103.859137,140.985268,147.833807,145.751228,145.679245,143.474412,141.354226,112.107263,112.67511,110.597441,111.462393,140.251228,135.667614,137.279142,138.09098,139.396485,136.677824,134.990308,135.789222,132.726674,127.958129,121.522228,112.552985,112.861463,112.99496,113.17007,113.703024,{7738} <0,1,2,3,4,5,6,7,8,9,10,11,12,13,14,15,16,17,18,19,20,21>
Cluster 1: 122.724848,136.169091,141.48303,160.51697,158.037576,155.357576,127.875758,169.781818,100.209091,184.695758,210.349091,209.121818,209.046061,206.438788,203.521818,101.598788,102.098182,100.240606,102.315758,206.27697,195.518182,189.430303,192.963636,205.352727,203.747879,190.081818,202.140606,197.743636,182.378182,133.864242,167.892121,167.613333,168.942424,170.071515,169.113939,{1650} <0,1,2,3,4,5,6,7,8,9,10,11,12,14,15,17,19>
Cluster 2: 144.453682,136.5962,137.11639,144.007126,141.674584,138.969121,142.646081,153.529691,191.522565,175.700713,202.990499,203.083135,201.275534,200.301663,196.76247,235.774347,236.828979,232.163895,231.529691,197.199525,190.387173,189.807601,193.453682,195.555819,193.788599,190.68171,192.945368,189.011876,170.608076,156.475059,134.805226,136.752969,135.033254,134.850356,134.885986,{421} <0,1,2,3,4,5,8,9,10,11,12,15,16,18,20>
Cluster 3: 219.518519,205.562963,190.325926,60.688889,58.651852,61.57037,217.037037,62.207407,223.911111,88.837037,163.62963,163.17037,163.414815,156.985185,155.948148,229.2,232.244444,230.222222,228.585185,191.474074,186.711111,172.555556,168.511111,186.785185,190.148148,166.111111,181.688889,180.281481,164.414815,123.911111,150.740741,149.348148,154.17037,156.644444,154.333333,{135} <0,1,2,3,4,5,8,9,11,15,16,18,20>
Cluster 4: 31.05178,29.847896,28.805825,23.857605,23.757282,24.951456,32.401294,32.223301,53.750809,69.23301,148.055016,155.909385,153.126214,162.375405,164.042071,75.877023,78.456311,76.686084,78.572816,185.093851,175.440129,170.563107,170.475728,182.682848,182.799353,166.411003,178.886731,177.983819,163.809061,90.572816,152.449838,151.02589,148.498382,148.417476,147.79288,{309} <0,1,2,3,4,6,7,8,9,10,11,12,14,15,16,17,19,20>
Cluster 5: 238.558824,236.294118,237.529412,230.294118,231.602941,231.205882,233.382353,229.205882,239.911765,197.941176,198.823529,198.529412,193.617647,194.382353,197.985294,237.779412,240.088235,235.926471,232.764706,185.073529,202.176471,198.073529,200,186.338235,186.338235,201.558824,184.911765,179.411765,189.220588,179.485294,200.808824,198.058824,203.985294,206.544118,208.897059,{68} <0,1,2,3,5,8,15,18>
Cluster 6: 14.927928,17.864865,19.891892,21.405405,20.576577,22.342342,15.522523,25.522523,19.837838,45.459459,56.045045,62.126126,61.441441,67.396396,71.072072,19.666667,18.576577,17.540541,19.963964,97.657658,95.342342,120.720721,120.657658,95.603604,95.945946,118.864865,99.513514,99.405405,111.279279,72.09009,78.612613,78.522523,81.936937,82.072072,83.378378,{111} <0,1,4,6,7,9,10,11,12,13,14,16,17,19,20>
Cluster 7: 25.314286,29.828571,33.057143,20.542857,19.485714,17.342857,28.257143,26.628571,37.914286,58.914286,126.4,121.285714,121.885714,114.028571,105.657143,19.314286,19.6,20.114286,23.085714,87.914286,94.628571,61.685714,56.342857,89.285714,78.685714,52.6,79.4,80.542857,62.742857,28.371429,65.314286,67.028571,64.942857,73.657143,80.942857,{35} <0,1,4,6,7,9,10,11,12,13,16,17,19,20>
Cluster 8: 202.333333,192.875,183.916667,178.833333,173.125,169.625,203.708333,178.458333,206.625,144,70,63.208333,75.125,65.291667,82.791667,213.75,217.708333,212.875,218.083333,193.375,183.875,170.875,168.708333,206,204.791667,171.75,206.416667,193.708333,168.625,137.375,203.333333,196.333333,207.083333,210.875,205.5,{24} <0,1,2,3,4,5,8,9,15,16,18,19,20>
Cluster 9: 177.421053,165.157895,156.157895,54.736842,49.157895,47.473684,173.631579,49.578947,138.736842,60,52.157895,51.315789,46.368421,61.052632,76.263158,77.631579,71.105263,75.789474,80.157895,178.526316,160,103.368421,96.578947,165.947368,169.631579,96.052632,155.421053,155.526316,119.789474,24.947368,139.263158,133.105263,132.947368,126.631579,116.631579,{19} <0,1,2,3,4,6,7,8,9,10,11,12,14,15,16,18,19,20,21>
Cluster 10: 17.733333,24.333333,31.533333,79.933333,81.733333,79.933333,15.133333,103.466667,13.066667,187.333333,203.666667,195.066667,203.866667,186.733333,179.933333,11.2,10.866667,11.466667,10.933333,54.4,76.4,208,198.266667,57.466667,59.066667,198.933333,62,60.6,158.466667,114.266667,179.8,170.666667,161.933333,170.4,165.2,{15} <0,1,2,4,6,7,9,10,11,12,13,14,17,19>
Cluster 11: 16.357143,38,49.571429,53.142857,49.785714,43.142857,26.928571,68.214286,13.285714,67.928571,84.428571,85.785714,79.857143,96.285714,104.928571,28.142857,24.214286,23.642857,35.285714,211.928571,211.357143,103.642857,97.928571,207.714286,202.571429,92.428571,196.928571,187.357143,139.5,34.714286,103.285714,102.214286,90.928571,85.142857,83.642857,{14} <0,1,2,3,4,6,7,9,10,11,12,13,14,16,19,21>
Cluster 12: 13.833333,13.916667,15.25,90.75,77,78.333333,12.5,142.333333,10.5,183.25,226.916667,223.833333,221.5,213.166667,215.416667,14.083333,16.25,15.25,15.5,204.666667,179.5,218,223.916667,201.833333,202.583333,204.166667,200.25,200.333333,170.166667,79.666667,52.5,54.666667,19.25,22.416667,24.25,{12} <0,1,2,4,6,7,9,10,11,12,13,14,17,19>
Cluster 13: 18.333333,34,43.666667,209.333333,212,214,25,206.333333,5,189.666667,27.333333,35.333333,20.666667,35,36.333333,1.666667,2.666667,7.333333,8.333333,49.666667,53,207,200.666667,41.333333,42.333333,211.333333,36.666667,31,78.666667,4,14,16,16.333333,14,16,{3} <0,6,7,10,11,12,13,17,19>
Cluster 14: 21,21.5,22.5,38,37,34.5,21.5,40,25.5,52.5,40,33,48,39.5,42.5,31.5,36,27.5,26,235,231.5,248,249,248.5,246,249.5,249,239.5,234.5,72.5,231.5,233.5,199,213.5,215,{2} <0,1,4,6,9,10,11,12,14,16,19>
Cluster 15: 205.5,210,194,16,12.5,10,200,5,212,131.5,55,85,71.5,126.5,143,225,224.5,225,224,162,147,226,229,64,152,225,40.5,45.5,197,182,211.5,151,199.5,204,148.5,{2} <0,1,2,3,4,5,8,9,15,16,20>
Cluster 16: 24.555556,16.444444,20.555556,21,25.555556,47.888889,25.888889,18.555556,114,16,7.111111,8.333333,12.666667,26.666667,56.555556,239.333333,239,237.666667,236.666667,134.777778,120.222222,117.666667,135.222222,131.666667,120.222222,133.777778,130.333333,137.888889,101.222222,77.666667,115.888889,104.777778,119.666667,109.555556,107.555556,{9} <0,2,3,4,6,7,8,9,11,14,15,16,19,20>
Cluster 17: 78.2,79.8,84.2,231.6,229.2,223.8,79,235.2,30.6,191.8,233.6,226.8,232.4,229.6,219.2,31.6,31,30.8,33.4,39.6,65.4,146.8,161.6,37.4,23.8,162,25.6,21.6,102,94.2,58.4,82.4,51.2,55.6,102,{5} <0,1,4,6,7,10,12,13,17,19>
Cluster 18: 246.333333,244.666667,249.333333,246.666667,248,248,250.666667,254.333333,252,117.666667,31.666667,37.666667,36.666667,50.666667,62.333333,250,249.333333,246,234.333333,111.333333,144.666667,88.333333,57.333333,121,115,90,129,116.333333,61.333333,78,60.666667,57.666667,66.666667,53,51.666667,{3} <0,2,3,5,8,9,18,20,21>
Cluster 19: 10.333333,12,11.666667,171.333333,223.333333,227.666667,8.666667,133.666667,9.666667,127,71.333333,29.333333,45,17,67,8,8.333333,6.666667,5.666667,194.333333,203,176,167,193.333333,196.333333,162.333333,191.333333,181.666667,167.333333,162.666667,168.333333,162.333333,144,150.666667,167.333333,{3} <0,1,4,6,7,8,9,10,11,12,13,14,16,17,19>
Cluster 20: 232,238.333333,178.333333,16.666667,17.333333,19.333333,229.333333,18.333333,247.666667,54.666667,135.666667,122.666667,132.333333,118.333333,118.666667,221.333333,195.666667,189.333333,202,82.666667,71.666667,151,149.666667,58.666667,43.666667,144,36.333333,57.333333,100.666667,49.333333,55.333333,55.333333,26.666667,25.333333,32.666667,{3} <0,2,3,4,6,7,8,9,15,16,18,20>
Cluster 21: 247,242,241,229,217,195,249,233.5,210,39,44,56,50.5,82,144,32,30.5,27.5,26.5,188,114.5,14,23,219,204.5,19.5,228.5,145,69,59,15,13.5,39,33.5,22.5,{2} <0,9,11,18,21>



Time taken to build model (full training data) : 0.08 seconds

=== Model and evaluation on training set ===

Clustered Instances

 0       3250 ( 31%)
 1       1891 ( 18%)
 2       1169 ( 11%)
 3        361 (  3%)
 4        950 (  9%)
 5        508 (  5%)
 6        412 (  4%)
 7        511 (  5%)
 8        150 (  1%)
 9        195 (  2%)
10        171 (  2%)
11        146 (  1%)
12        182 (  2%)
13         58 (  1%)
14         16 (  0%)
15         14 (  0%)
16        183 (  2%)
17        147 (  1%)
18         93 (  1%)
19         61 (  1%)
20        101 (  1%)
21         23 (  0%)


Class attribute: class
Classes to Clusters:

   0   1   2   3   4   5   6   7   8   9  10  11  12  13  14  15  16  17  18  19  20  21  <-- assigned to cluster
 501 218 165  59  93  56  52  74  25  39  22  14  22   8   0   2  19  29  11   4  15   6 | 0
  46  39  22   3   7  12   4   7   2   1   4   1   0   0   0   0   3   5   3   3   2   0 | 1
 438 264 243  66 109  88  38  66  27  27  20  18  29   5   1   4  23  22  14   9  16   4 | 2
 871 556 199  78 275 148  92 123  35  43  58  22  21   9   5   3  38  28  22  19  26   3 | 3
 650 215 134  47 132  57 118 113  30  58  30  34  17  20   6   3  42  31  25  14  22   8 | 4
 244 237 262  56  87  79  14  23   8   6   6  13  56   3   1   2   8  10   6   1   7   1 | 5
 500 362 144  52 247  68  94 105  23  21  31  44  37  13   3   0  50  22  12  11  13   1 | 6

Cluster  0 <-- 4
Cluster  1 <-- 3
Cluster  2 <-- 5
Cluster  3 <-- No class
Cluster  4 <-- 6
Cluster  5 <-- 2
Cluster  6 <-- No class
Cluster  7 <-- 0
Cluster  8 <-- No class
Cluster  9 <-- No class
Cluster 10 <-- No class
Cluster 11 <-- No class
Cluster 12 <-- No class
Cluster 13 <-- No class
Cluster 14 <-- No class
Cluster 15 <-- No class
Cluster 16 <-- No class
Cluster 17 <-- 1
Cluster 18 <-- No class
Cluster 19 <-- No class
Cluster 20 <-- No class
Cluster 21 <-- No class

Incorrectly clustered instances :	8710.0	 82.2319 %

