=== Run information ===

Scheme:       weka.clusterers.EM -I 50 -N -1 -X 3 -max -1 -ll-cv 1.0E-6 -ll-iter 1.0E-6 -M 1.0E-6 -K 3 -num-slots 1 -S 100
Relation:     fer2018-weka.filters.unsupervised.instance.Resample-S42-Z30.0-no-replacement-weka.filters.unsupervised.attribute.Remove-R2-11,16-29,33-59,63-76,81-149,151-174,176-197,199-245,247-271,274-551,555-599,603-623,625-647,651-696,698-721,724-745,747-769,772-792,794-818,820-865,867-1360,1365-1374,1377-1407,1411-1422,1425-1456,1459-1504,1506-1513,1516-1561,1564-1721,1723-1769,1771-1817,1819-1848,1853-1895,1900-1944,1947-2305-weka.filters.unsupervised.attribute.Remove-R3,10-12,14-17,19,21-22,24-25,28-29,31,34-35,38,40-41,43,47,50,53,56-58,60-61,64-65,69-71-weka.filters.unsupervised.instance.RemoveDuplicates
Instances:    10592
Attributes:   36
              V12
              V14
              V15
              V30
              V31
              V32
              V60
              V78
              V198
              V272
              V553
              V601
              V602
              V649
              V697
              V722
              V770
              V771
              V819
              V1362
              V1364
              V1375
              V1376
              V1409
              V1410
              V1424
              V1457
              V1505
              V1514
              V1722
              V1849
              V1850
              V1896
              V1897
              V1898
Ignored:
              class
Test mode:    Classes to clusters evaluation on training data

=== Clustering model (full training set) ===


EM
==

Number of clusters selected by cross validation: 21
Number of iterations performed: 50


             Cluster
Attribute          0        1        2        3        4        5        6        7        8        9       10       11       12       13       14       15       16       17       18       19       20
              (0.05)   (0.04)   (0.04)   (0.06)   (0.05)   (0.05)   (0.04)   (0.07)   (0.04)   (0.06)   (0.06)   (0.05)   (0.04)   (0.05)   (0.03)   (0.05)   (0.06)   (0.04)   (0.04)   (0.03)   (0.06)
=========================================================================================================================================================================================================
V12
  mean       126.8036  44.3118 121.2418 134.8246  65.0905 145.5986   33.441 101.8595  46.1195 117.1332  85.9405 136.9591  49.3046   88.687  24.7408 141.1632   83.073 199.4184 164.3449 215.2165 178.1301
  std. dev.   59.1772  31.0783  64.4625  40.6299  38.4635  58.0459  23.2489  36.9417  28.5692  61.7467  57.4558  46.2892  26.2735  60.6488  20.5728   53.911  47.5206  25.8796  82.8211  23.2057  41.9081

V14
  mean       138.5365  55.0046 127.8419 139.3192  80.5652 165.9644  35.6328 110.4505  48.4615  120.198  81.7434 155.6507  58.7575  89.2514  26.2657 147.5198  80.8692 201.2571 157.2347 218.7172 179.7024
  std. dev.   58.6165  35.2213  64.2885  37.8302  42.8225  49.2845  24.6312  35.7085  29.1521  60.3101  54.2503  37.7363  30.6208   58.558  20.0482  50.8535  43.5957  24.5538  80.7817  20.0567  38.4467

V15
  mean       144.5556  61.7365 130.2888 141.6252  89.2443 173.7147  37.3309 114.1994  51.5359 120.1954  80.0288 162.4171  68.6911   91.414  28.1041 152.0875  81.5567 201.1645 154.4547 218.9971  175.704
  std. dev.   57.6217  37.6667    65.19  38.0778  44.7292  47.4718  26.3386  34.4919  31.8885  61.8679  52.3334  34.9059  36.5548  58.5243  21.6945  49.9353  43.2908  24.6603  78.8547  20.4486   39.948

V30
  mean       200.8788 133.9495 124.2413 150.6286 140.8603 211.6902  36.2858 137.1082  55.4326 101.6489  55.5152 191.2308  145.856  97.8763  37.5445 180.7147  79.5527 197.2627 136.6358 208.0617 140.4581
  std. dev.   27.5617  45.5403   56.575  24.7937  33.5906  22.4876  22.6872  30.1444  30.9282  52.4024  28.2982  18.8829  52.3318  66.3223   26.635  31.2421  41.6912  25.9932  72.4553  28.5074  54.7482

V31
  mean       200.8517 134.2608 120.0061 149.2846 138.0803 209.5032  36.4785 136.0009  54.0797 100.0842  53.8128  189.583 141.9225  98.6226  36.3846 179.4371  78.8503 196.7164 135.8806 204.5824 139.2746
  std. dev.   28.1585  46.1697  55.8463  25.7693  36.0269   23.713  22.9331  30.8552  30.7905  51.5779  27.2462  19.4152   53.687  67.2709  25.1245  31.5042  41.9747  26.9054  72.6625  32.0505  55.5456

V32
  mean        199.486 133.8144 116.9749 146.6069 134.1943 205.8736  38.0012 134.3578  53.3211  99.4006  53.9625 186.5338 136.0861  99.0982  36.7919 177.2367    78.69 193.6042 134.6789 202.6167  138.293
  std. dev.   30.5183  47.4343  56.5016   29.416  39.1736  26.8477  25.5639  32.3554  31.1971   51.809  28.7862  21.7143  57.3058  68.5409  25.6286   33.571  42.6516  30.3972  73.6621   33.856  56.6746

V60
  mean       128.2417  46.6255 124.9018 136.5258  70.8474 153.4416  35.0148 104.4209  47.5386 122.1375  85.6067 143.9108  51.7158  89.4476  25.2973 145.2534  82.2415 200.4194 160.7982 216.9597 177.2133
  std. dev.   57.5452  30.3401  63.1879   39.076  39.9484  54.5101  24.0294  35.8927  29.1472  59.5484  57.8903  42.2534  27.8081  60.1771  19.9715  50.6147  46.1419  25.4753   81.679  21.4606  41.2092

V78
  mean       201.8792 138.4994 135.4475  154.409 151.3747 217.0552  46.1113 139.1529  62.3228 114.0897   67.094 194.5765 164.7125  100.054   42.016 186.3466  81.8393 197.0312 143.1366 208.7282  138.133
  std. dev.   27.8868  44.1085  55.6895  23.2861  30.2072  19.8889  30.4906  28.2995  34.8313  53.2951  35.7395  17.7386   46.268  66.5845  30.4731  27.4917  41.4113  25.7461  72.0603   28.362  53.9654

V198
  mean       104.1835  34.1304 122.7984 127.1203   44.187  115.921  33.6046  90.9996  45.3092 120.4682 116.7332  92.1214  49.1924  97.9665  22.6193 142.1197 107.5634 183.0263 216.2735 199.4998 159.7523
  std. dev.   63.9963  32.6142  69.1997   51.986  30.0352  66.7703  28.7388  44.8466  32.2439  67.7376  69.3278  48.9658  34.5644  71.2629  19.7627  61.0715  63.7021  42.1898  67.8509   48.271  62.1781

V272
  mean        193.908 145.5706 152.1977 154.4706 159.2517 218.5036  95.6175 137.3137  86.6177 143.1784 109.4615 192.4908  192.959 101.3268  62.3863 190.5097  85.6565 180.1393 154.0237 198.6047 125.1182
  std. dev.   37.2971  47.7514  54.5347   27.346  31.5315  20.6792  62.2213   30.897   44.563  58.1755  53.4944  19.8335  31.7393  62.9928  45.0476  22.9384  42.4759  40.1864  65.1526  36.7071  55.7497

V553
  mean       189.3829 127.4879 193.5633 161.9128 171.1439 225.4237 179.9159 133.7612 118.4248 197.3056 166.9896 190.0442 213.6605  88.1178  76.9508 198.5438  88.5281 161.6481 173.8308 211.4902 107.7937
  std. dev.   29.1402   48.238  25.6793  19.1462  19.4841  13.4337  37.6386  24.2366  35.7929  32.9269  26.7424  21.4941   15.501  48.7039  40.9972  12.2199  35.5552  43.9972  48.7455  22.1222   47.999

V601
  mean       188.3749 124.1504 193.1746 160.6079  168.786 224.3551 184.7988 131.1296 118.9401 198.8014 167.8839  186.482 213.2728  82.2817  77.7037 198.0342  84.8229 157.1861 173.0368 210.9086  102.943
  std. dev.   27.9864  48.8895  22.8834  17.1905  18.6885  12.7736  30.0311  22.9131  32.8961  28.1833  23.9505  20.7381  15.2992  39.7866  39.3356  10.9612  33.5432  43.0621  48.0152  20.6443  45.6809

V602
  mean       189.4383 126.2294  191.536 160.2651 168.0325  223.784 183.8076 131.0183 118.6812 196.7137 165.8287 187.3163 212.1438  83.4019  78.4809 197.9952  84.4038 157.4927 171.8931 210.6354 104.3678
  std. dev.   29.2405  49.5127  25.5336  17.9511  19.2589  13.1488  31.6017  24.1955  32.0791  30.2037  25.6669  19.8911  16.3211  42.4358  40.4853  11.3309  33.6019  43.4456  48.4797  20.6471  45.8389

V649
  mean       184.6036 121.0051 189.2806  157.715 164.9882 221.6732 184.4731 126.6861 119.3144 198.0041 165.4147 181.5507 210.9566  86.6307  77.8668 195.9167  82.5504 153.9011 170.4374 208.4052 103.1992
  std. dev.   30.6588  48.6355  24.7766  18.6379  20.0377  13.8619  29.3248  24.0041  30.9113  28.3268  25.5452  22.2925  16.0302  43.0676  39.1891   11.257  33.8883   45.732  47.4758  24.0882  45.5417

V697
  mean       179.9646 118.8179 186.4047 154.8197 159.6847 217.5543 180.2494 122.5627 119.6087 195.3855   161.66 176.9678 206.9044  99.5072  76.0071 192.8839  80.6113  152.447 167.1434  206.841 105.9381
  std. dev.   34.8439  49.5022  27.8717  21.1761  23.3592  16.2461  33.9155  26.5756  31.0915  30.4949  28.6293  26.0477  18.5802  48.6892  37.0117  12.9342  33.8635  45.8913  49.0086  26.3685   46.689

V722
  mean         107.58  28.2812 148.8499 141.1303  33.8657  118.342  30.5632  95.7849  55.4993 139.8741 151.1482  66.4543  50.7975 113.1013  25.5852 176.9506 125.1945  181.372 254.4891 217.6606 147.0506
  std. dev.    69.804  23.7855  69.1035  50.6588  22.7881  69.9424   22.172  48.3991  34.8541  71.0257  60.8655  37.9865   34.361  75.0457  20.9885  44.0712  62.5413  43.7223   0.7956  26.1509   71.736

V770
  mean       106.4555   28.159  149.016 142.0071  33.7823 119.1603  31.5045  96.1648  55.3979 143.1594 153.4266   65.772  50.8372 114.1164   26.697 177.8943 126.5301 181.4093 254.4988 218.6385 147.1151
  std. dev.   69.5678  23.3712  67.9608   50.194  22.3337  70.2776  23.4171   48.346  33.5983   69.575  58.8826   37.074  34.1056  74.8567  22.1835  42.7834  61.6583   43.509   0.7742  25.1984  71.3557

V771
  mean       103.8048  29.3728 142.9596 140.2458  33.4409 118.5157  30.0418  92.3306  53.9994 140.0155 149.7078  66.2889  47.3053 112.6505  25.7742 172.1954 122.1074 180.5151 254.4157 216.7419 146.2634
  std. dev.   66.3051  24.2448  66.7569  47.9556  21.8672  66.5192  22.2356  46.0988  33.8764  66.4901  57.2681  35.5054  31.2758  72.3914  20.8378  42.4122   59.773  39.8982   0.9165  24.9253  68.4234

V819
  mean       104.2222  30.1069 144.0469 139.8801  35.5334 119.9057  32.4129  94.0468  55.5421  143.091 150.4811  68.7027  49.0475  114.113  27.1175 171.3054 122.3505 180.2198 254.4631 217.1135 145.9182
  std. dev.   65.3032  24.5887  65.7542  47.2442  24.5473  67.4667  24.5869  47.2855  35.5737  65.3643  56.8539  37.2463   33.831  73.1299  23.7013  42.3198    59.57   41.532   0.8558  24.1397  68.9201

V1362
  mean       107.2732  79.9668 197.2787 153.8639 158.3195 218.6991  178.428 123.6605 132.2629 207.3404 152.3674 183.5994 196.3485 181.6093  78.8234 179.3295  82.3205 173.7938 163.6058 214.5276 112.5073
  std. dev.   40.4819  38.7713  22.0427  23.0678  24.2903  16.7281  34.4331  23.8773  24.6879  18.7986  31.8078  19.5167  26.4881  31.6398  38.9397  22.3759  29.0422  33.9807  50.3326  18.2027  43.2705

V1364
  mean       116.1554  83.7468 180.4771  148.439 144.0323 201.5599 167.5989  118.473 127.3618 198.8125 151.5775  167.147 182.7594  172.036  79.6311 171.8809  83.6211 169.9358  165.174 209.3216 115.6216
  std. dev.   50.0653  46.5102  38.4258  29.1507  34.4801  31.7767  40.9374   30.545  28.7198  25.2903   36.007   31.711  37.1629  38.3466  41.3302  25.6917  35.0528  39.2121  43.5566  22.5718  47.7964

V1375
  mean       164.7883 129.8554 147.5338  144.461 148.0687 202.6526 169.5382 121.6266 125.3667 179.0157 149.5631 168.4934 189.5249 148.3565  87.0907 177.3137   86.361 157.0747  165.653 184.2304 113.8279
  std. dev.   48.1008  51.6849  57.7135  32.2309  37.6484  26.0192  40.2751  33.8253  34.0525  41.7979  41.7804  35.3649  32.7023  55.5136  46.0633  23.9168  35.8624  45.7371  42.5542  41.4393   50.675

V1376
  mean       164.6121 127.8361 152.0858 146.4099 151.2237 207.2477 170.3853 122.2692 126.2698  181.956 149.6192 172.1951 193.7597  147.844  86.4413 180.0673  84.6258 157.2791 167.0436 185.8924 111.9495
  std. dev.   49.4334  51.3063  56.3219  30.4357  37.4125  24.7947  40.8582  33.0265     33.3    41.09  41.1586  33.7666  29.7081   55.927  45.8416  21.8966  35.4083  45.6419  43.9287  43.8704   50.603

V1409
  mean        106.718  76.8338 197.0985 153.3586 157.6734 218.7474 175.1743 123.8083 129.1919 207.0851 149.6147 182.8561 194.6363 183.2208  78.5741 180.5473  81.6528 172.4614 162.9765 214.3495 109.0287
  std. dev.   40.0805  36.6226  20.9429  22.5062  23.2999  15.1364  35.4668  22.0568  23.5767  18.3364  32.6431  17.5683  25.8913  28.8231  39.2973  20.0252   28.999  32.1967  50.0855  18.0999  44.6225

V1410
  mean        98.7375  75.6112 194.2299 151.0857 153.9229 216.1628 173.9165 120.4953 128.6494 205.5764 148.7463   179.75 193.1864 181.6445  74.9878  177.025  79.8086 171.3052 160.5254 212.7576 108.4909
  std. dev.   36.3421  37.5726   23.126  23.1471  23.7364  17.6672  35.8342  22.9618  23.7377  19.5874  32.8543  19.1475  28.2532  29.6571  36.9126  20.9613  27.4681   33.185  49.4197  18.2747  44.4895

V1424
  mean        160.263  125.193 148.2457 143.1323 147.2655 204.1672  166.987 118.8677 123.1747 179.9966 146.6454  168.042 189.9561 145.5894  84.0901 176.7042  83.1364 153.1045 165.1213 182.8048 110.4844
  std. dev.   50.3393  54.1983  58.0734  31.2595  38.5114   25.879  41.8519  33.5365  35.3728   42.758  43.2021  37.0797  32.8143  57.4425   44.269  23.1623   35.097  47.0644  43.9022  45.2903  49.9312

V1457
  mean       103.8803  73.8523 193.3865 150.3581  152.451 215.1897 170.8941 119.9126 125.9312 203.2919 144.9801 177.8806 191.5372 180.8821  77.1872 177.8977  79.2542 170.5127 159.4781 212.0918 104.0664
  std. dev.   40.1579  36.7305  22.0416  23.6638  25.0044  16.7698  37.3182  22.3272  26.0167  21.3995   34.626  18.5001   26.886  30.0187   40.061  20.1781    30.23  32.7976  51.7263  18.6832  45.0358

V1505
  mean       104.8449  72.4775 187.2661 146.0917 147.0381 210.6239 168.0624  116.168 124.0869 198.3308 141.7621 172.4399 187.2251  177.315  77.1654 173.4112  78.7319 165.8488 155.9055 207.7955 104.1751
  std. dev.   42.3582  39.1776  26.4983  26.6592   27.453  20.6365  37.5845  24.5774  28.6697  25.4272  37.4069  23.1075  29.5681  33.2219  40.1031  22.4071   31.798  36.2818  53.8381  22.7111  46.3388

V1514
  mean       141.9361 105.3733 142.8452 139.7396 134.4399 187.5259 155.4603  108.786 120.5897 179.5044 142.6894 153.1224 174.3535 147.2707  82.6913 166.3778  79.2475 151.8943 158.1155 187.3122 105.4584
  std. dev.    57.949  53.6206  53.0701  36.5489  41.0834  41.3674  50.6445  35.8936  37.5902  40.8009  41.8878  42.2017  41.1961  51.7625  42.7379  32.6949  36.5524  47.9416  48.0458  42.2325  50.2376

V1722
  mean       143.7811 105.5352 125.8955 126.0468 105.3176 155.6148  99.1485 110.0225   97.357 139.9124 117.9498  136.802 136.4875 109.5521  68.7451 152.5492  87.0778 145.7369 165.7569 174.3126 105.6992
  std. dev.   65.7338  64.5393  67.3688  52.4301  57.4834  62.6601  71.9825  50.2621  56.2796  65.9438  63.0505  56.1911  64.0661  69.6409  55.6309  54.6404  58.2837  61.4631  62.4984  54.8573  61.1471

V1849
  mean       124.3498  92.0912  70.2522 131.4205 128.7093 165.7659 137.8698  90.0004 115.1731 177.3508  131.576 132.3328 159.1898 141.3974  66.9778 148.4436  64.9959 130.3991 136.8438 163.5289  98.6488
  std. dev.   61.5042  53.8764  46.2642  34.3257   44.915  54.0528   53.867  36.9391  34.2512  37.3879   43.974   52.808  54.7847  51.8472   37.173  42.6256  33.0082  55.5539  55.7272  55.2386  48.9685

V1850
  mean        128.063  94.8489  69.1909 131.0698 129.3728 167.3513 136.5682  90.9555 115.7652 174.9658 131.8681 133.8172 159.7287 139.1302  67.0255 148.3275  65.2495 129.7592 139.3483 162.0961  97.0125
  std. dev.   59.9918  54.9684  46.2558  33.9176  44.3673  54.0961  54.8439  37.2418  33.6549  37.1939  44.4283  51.5774  55.4597  52.4824  38.0123  40.9861  32.9239  54.3591  54.6736  53.4528  47.5969

V1896
  mean       120.8453   89.546  68.7887 132.6472 127.9086 165.4432 137.8845  91.1008 114.9817  180.928 132.8262 133.4696 154.8292 141.8613  65.3255 150.0444  65.5262 132.7575 139.1357 167.5589  99.0713
  std. dev.   61.0466  55.6411  48.1966  32.4789  43.7273  54.3664  54.4174  35.8084  30.3874  32.2272  44.5078  49.5245  53.2017  51.2743  37.9036  38.6472  32.1936  53.4407  55.3981  52.2302  47.4234

V1897
  mean       124.6265   91.964  64.0421 134.3171  129.317  166.425 138.4934  91.2968 115.6147  181.302 133.8486 134.5673 156.7848 141.0712  66.6081 149.7055  65.2243 129.9804 139.3464 167.2071  98.3568
  std. dev.   60.1403  55.7691  42.0661  31.6799  42.3264  54.5206   54.167  35.3338  30.9717  30.3731   42.169  49.5778  53.4301  51.7551  38.6598  36.5757  31.3348  53.7362  55.1547  50.9854  48.6295

V1898
  mean       128.5703  95.6361  64.4925 133.8596 129.7462  166.345 138.0182  92.1875   116.19 179.0155 134.1998  135.807 157.7009 138.6915  68.3641  150.288   65.738 130.0043 140.7583 163.5851  97.0799
  std. dev.    59.489  55.3518  41.3557  31.2029  42.2871  54.7044  55.0916  35.0383  32.6575  32.4004  42.0343  49.8315  54.2047  52.3604  39.4838  37.0174  31.6915  52.6686  53.6529  51.3563  46.5203



Time taken to build model (full training data) : 688.11 seconds

=== Model and evaluation on training set ===

Clustered Instances

 0        500 (  5%)
 1        418 (  4%)
 2        398 (  4%)
 3        655 (  6%)
 4        542 (  5%)
 5        505 (  5%)
 6        456 (  4%)
 7        714 (  7%)
 8        444 (  4%)
 9        652 (  6%)
10        613 (  6%)
11        481 (  5%)
12        405 (  4%)
13        553 (  5%)
14        327 (  3%)
15        477 (  5%)
16        621 (  6%)
17        466 (  4%)
18        384 (  4%)
19        332 (  3%)
20        649 (  6%)


Log likelihood: -178.73399


Class attribute: class
Classes to Clusters:

   0   1   2   3   4   5   6   7   8   9  10  11  12  13  14  15  16  17  18  19  20  <-- assigned to cluster
 110  69  39  97  60  36  40 107  57  77  77  82  38  49  40  63 103  71  74  34 111 | 0
  11   8   4  13  11  10   3   9   2   9   3  10   4   5   6   8   9   9  12   5  13 | 1
  87  57  67  91  63  90  46  96  49  88  94  68  47  83  35  84  62  82  83  56 103 | 2
 131 105  39 198 179 123 125 167 132 180 182 108 141 104  66 136 137 105  77  71 168 | 3
  75  88  53 107  77  44  60 175  82  60  97  72  31 157  94  57 162  95  25  34 161 | 4
  31  19 153  39  41  92  61  49  16 100  56  66  50  33   9  70  23  36  70  89  27 | 5
  55  72  43 110 111 110 121 111 106 138 104  75  94 122  77  59 125  68  43  43  66 | 6

Cluster  0 <-- 0
Cluster  1 <-- No class
Cluster  2 <-- 5
Cluster  3 <-- 3
Cluster  4 <-- No class
Cluster  5 <-- No class
Cluster  6 <-- No class
Cluster  7 <-- 4
Cluster  8 <-- No class
Cluster  9 <-- 6
Cluster 10 <-- No class
Cluster 11 <-- No class
Cluster 12 <-- No class
Cluster 13 <-- No class
Cluster 14 <-- No class
Cluster 15 <-- No class
Cluster 16 <-- No class
Cluster 17 <-- No class
Cluster 18 <-- 1
Cluster 19 <-- No class
Cluster 20 <-- 2

Incorrectly clustered instances :	9703.0	 91.6069 %

