=== Run information ===

Scheme:       weka.clusterers.SimpleKMeans -init 0 -max-candidates 100 -periodic-pruning 10000 -min-density 2.0 -t1 -1.25 -t2 -1.0 -N 10 -A "weka.core.EuclideanDistance -R first-last" -I 500 -num-slots 1 -S 10
Relation:     fer2018-weka.filters.unsupervised.instance.Resample-S42-Z30.0-no-replacement-weka.filters.unsupervised.attribute.Remove-R2-11,16-29,33-59,63-76,81-149,151-174,176-197,199-245,247-271,274-551,555-599,603-623,625-647,651-696,698-721,724-745,747-769,772-792,794-818,820-865,867-1360,1365-1374,1377-1407,1411-1422,1425-1456,1459-1504,1506-1513,1516-1561,1564-1721,1723-1769,1771-1817,1819-1848,1853-1895,1900-1944,1947-2305-weka.filters.unsupervised.attribute.Remove-R3,10-12,14-17,19,21-22,24-25,28-29,31,34-35,38,40-41,43,47,50,53,56-58,60-61,64-65,69-71-weka.filters.unsupervised.instance.RemoveDuplicates
Instances:    10592
Attributes:   36
              V12
              V14
              V15
              V30
              V31
              V32
              V60
              V78
              V198
              V272
              V553
              V601
              V602
              V649
              V697
              V722
              V770
              V771
              V819
              V1362
              V1364
              V1375
              V1376
              V1409
              V1410
              V1424
              V1457
              V1505
              V1514
              V1722
              V1849
              V1850
              V1896
              V1897
              V1898
Ignored:
              class
Test mode:    Classes to clusters evaluation on training data

=== Clustering model (full training set) ===


kMeans
======

Number of iterations: 82
Within cluster sum of squared errors: 10459.943216944781

Initial starting points (random):

Cluster 0: 186,176,194,225,211,198,164,225,139,195,219,224,214,190,164,80,78,79,78,145,158,129,131,137,138,143,132,98,136,22,188,193,162,163,165
Cluster 1: 103,90,105,53,67,62,119,36,30,128,101,86,99,69,87,59,68,67,56,122,112,147,160,132,132,155,130,131,133,181,55,56,92,98,95
Cluster 2: 75,65,90,164,130,101,79,183,105,236,150,126,172,116,114,114,114,105,100,92,76,232,232,93,88,234,91,90,78,159,158,174,117,166,173
Cluster 3: 20,57,66,13,2,15,33,18,9,130,137,146,157,134,119,16,21,22,27,94,113,88,87,98,94,88,87,54,109,57,182,179,99,104,105
Cluster 4: 128,117,119,43,40,39,154,48,111,187,204,174,186,150,131,128,118,75,117,193,163,219,216,248,238,209,248,239,176,149,98,147,13,53,111
Cluster 5: 127,144,140,116,112,109,146,132,65,134,159,166,137,175,183,83,79,47,56,171,178,152,141,188,167,166,181,183,167,83,93,32,58,85,61
Cluster 6: 130,143,146,161,159,157,137,167,97,182,185,183,178,183,181,90,90,97,95,169,164,150,152,169,164,144,165,155,96,141,158,157,156,159,161
Cluster 7: 190,187,191,143,145,135,183,129,26,89,177,172,162,173,201,65,122,23,46,154,212,101,92,180,148,114,161,156,151,191,189,157,156,105,75
Cluster 8: 184,188,189,165,164,162,185,165,134,164,179,156,175,139,84,99,97,108,106,147,143,100,98,138,136,97,129,128,115,52,62,57,62,58,56
Cluster 9: 39,30,20,120,115,117,30,81,92,32,11,2,2,16,23,106,97,105,117,129,133,132,139,142,140,131,149,157,99,171,101,33,151,80,19

Missing values globally replaced with mean/mode

Final cluster centroids:
                         Cluster#
Attribute    Full Data          0          1          2          3          4          5          6          7          8          9
             (10592.0)   (1089.0)    (958.0)   (1033.0)   (1219.0)   (1134.0)    (868.0)   (1217.0)   (1147.0)   (1185.0)    (742.0)
====================================================================================================================================
V12           110.3807    187.517    47.4896    61.1839    47.8745    91.3774     62.841   154.2654    143.109   178.7553    102.438
V14           115.8484   193.0505    51.6503    74.4782    50.4947    88.0741    77.6071    169.244   151.1395    177.897    96.3477
V15           118.5727   194.5647    54.5543    82.5905    52.1148    88.0564    87.4286   174.2202   152.8169   176.8979    94.6887
V30           130.8073   196.6088    66.6785   154.5576    48.6349    85.5335   157.3214   187.2564   149.4429    166.319    79.0323
V31           129.4603   195.1928    65.7349   154.3204    47.2502    83.7257   155.3203   184.7025   148.0384   165.6506    78.2358
V32           127.8815   193.6006    65.4843   151.9894     47.475    82.8051   151.1786   181.8283   145.8666   163.8177    78.4865
V60           112.5537   189.8595    48.8946    64.1926    49.9188    91.9762    67.6843   160.3459   144.8274   179.0506   100.9771
V78           136.3784   199.3866     69.977   160.6089    59.1403     97.015   170.5184   191.3484   149.3993    167.643    82.7965
V198          106.6136    182.764    44.5574    51.5973    47.5816   130.7399    54.2972   108.7239   112.5301   180.0954   142.9137
V272           145.261   195.5849    80.8601   165.0223    96.6292    131.149   187.1613   188.6113   139.0567   162.0515    91.1617
V553          158.8186   203.4298    87.1545   154.6273   155.3847   173.8113   202.8906   194.5908   130.9433   161.9722   102.2601
V601          157.3271   202.0211     85.929   150.8742   158.4635   174.4339   201.0714   192.5218   126.7646   159.2844   100.1078
V602          157.1084   201.1837    86.5324   151.8161   157.6128    172.963   201.6164   192.4174   126.6155   159.4194    99.3181
V649          155.2762   199.0845    85.0188   146.8606   159.1493   173.3854   198.0703   189.2276   123.4856   157.2684    99.5822
V697          153.3306   196.2984    83.6472   143.1907   158.6916   172.1852   194.8548   185.7757   122.5894   155.3376    99.2561
V722          115.2383   205.7006    46.6367    51.6534    48.8179    188.343     58.182     84.885    89.0645   197.8523   182.0094
V770          115.8834   206.9908     47.786    51.3824    50.0295   190.5309    59.0945    84.3936    88.5536   198.5114   182.3598
V771          113.7495   202.9219    46.3027    50.2265    49.0172   182.7372     56.326    86.2325    88.8893   196.8287   177.3598
V819          114.7529   203.3921     47.715    51.7483    52.0238   183.1852    58.7972    88.1783    89.9555   195.0101   176.6011
V1362         154.5956   200.5262    86.3246   123.2856   168.6169   180.3695   192.9412   184.0509   128.7454    151.984   107.4569
V1364         148.9786   194.5087    85.7996   116.9235   159.4569   174.0688    179.712   173.7905    125.524   151.5502   108.2951
V1375         149.0842   186.6676    92.8727    148.486   153.8958   166.6834   186.4666   171.7642   119.8466   145.6481   102.2857
V1376         150.2697   189.3636    91.4499   149.2662    155.534   168.6914   189.6924   175.4092   119.2764   145.3468   101.8531
V1409         153.6356   200.6051    85.5752   121.3475   166.8474    178.627      192.5   184.5325    127.551   150.9907    106.031
V1410         151.3226   198.6006    83.8111   118.0745   164.9081   178.0088   190.0035   180.7288   124.8195   148.5966   104.1253
V1424         147.2619   186.2002    89.2401   145.8441   152.3298   166.3316    187.197   172.2991   116.2092   141.3325    99.2197
V1457          150.181    198.573    83.4436   116.7135   162.9229    174.381    189.121   180.9351    123.401   147.4574   103.7507
V1505         146.9495    193.865    82.1628   113.0368   159.7793   170.5026   184.6982   176.7995   120.9695    144.389   103.0108
V1514         139.7914   182.2057    85.3413    125.909   146.7227   160.5388   174.4631   161.5464   109.2502   136.6667    100.035
V1722         123.0945   168.3967    77.9509   119.4153   100.6809   134.4453   136.4412   140.4256   105.3461   139.2692    97.0539
V1849         123.9924   171.4307    71.6106   103.7435   135.2428    143.754   170.5518   146.6952    99.4185   101.3654    83.9272
V1850         124.1311   170.1203    71.8246   106.1181   134.8589   143.3245    171.826   146.6779    98.4054   102.7781    83.3827
V1896         124.3444    173.213    71.3998   102.7115    134.379    148.045    169.621   144.5661   100.2206   103.1013    83.4744
V1897         124.7349   173.7511      71.69     104.91   135.4118   146.8783   170.9378   145.9351   100.5083   101.7511    82.8356
V1898         124.9599   171.9421    73.0637   107.5992   135.8663   145.7557   171.1924   145.7675    99.8256   103.9586    81.6604




Time taken to build model (full training data) : 1.84 seconds

=== Model and evaluation on training set ===

Clustered Instances

 0       1089 ( 10%)
 1        958 (  9%)
 2       1033 ( 10%)
 3       1219 ( 12%)
 4       1134 ( 11%)
 5        868 (  8%)
 6       1217 ( 11%)
 7       1147 ( 11%)
 8       1185 ( 11%)
 9        742 (  7%)


Class attribute: class
Classes to Clusters:

   0   1   2   3   4   5   6   7   8   9  <-- assigned to cluster
 129 139 166 115 147  81 167 183 200 107 | 0
  19  14   9   7  13  19  30  26  15  12 | 1
 196 111 147 132 173 106 174 155 228 109 | 2
 274 207 271 360 248 296 313 294 244 167 | 3
 121 252 188 183 160  86 172 276 203 165 | 4
 190  37  81 116 192  87 158  61 165  43 | 5
 160 198 171 306 201 193 203 152 130 139 | 6

Cluster  0 <-- 2
Cluster  1 <-- No class
Cluster  2 <-- No class
Cluster  3 <-- 6
Cluster  4 <-- 5
Cluster  5 <-- 1
Cluster  6 <-- 3
Cluster  7 <-- 4
Cluster  8 <-- 0
Cluster  9 <-- No class

Incorrectly clustered instances :	9090.0	 85.8195 %

